READ SERR 1 2
@xspec/mod_apec1fit_fpma_cstat.pco
!
1.98 0.01999998 1722.1653 32.129726 1422.7703
2.02 0.01999998 1963.1366 34.30401 1721.525
2.06 0.01999998 2033.27 34.91139 1969.665
2.1 0.01999998 2141.1675 35.82572 2145.526
2.1399999 0.0200001 2341.3635 37.463017 2237.5962
2.18 0.01999998 2415.1077 38.048527 2318.045
2.22 0.01999998 2383.9373 37.802193 2351.7837
2.26 0.01999998 2431.2922 38.175804 2356.7876
2.3 0.01999998 2392.329 37.86867 2345.1372
2.34 0.01999998 2406.7156 37.982365 2325.5427
2.38 0.0200001 2324.5796 37.3285 2265.633
2.42 0.01999998 2170.5398 36.07061 2188.642
2.46 0.01999998 2053.0513 35.0808 2088.0198
2.5 0.01999998 1898.9974 33.738968 1958.2966
2.54 0.01999998 1730.5574 32.207912 1807.3896
2.58 0.01999998 1593.2876 30.904142 1660.6296
2.62 0.0200001 1475.1909 29.736677 1523.8949
2.66 0.01999998 1342.7255 28.370255 1396.7875
2.7 0.01999998 1299.5664 27.91058 1294.2753
2.74 0.01999998 1240.2228 27.265877 1211.5986
2.78 0.01999998 1171.8876 26.50407 1138.6416
2.82 0.01999998 1165.8933 26.4362 1084.4761
2.8600001 0.0200001 1141.9093 26.162794 1033.5908
2.9 0.01999998 1073.5809 25.368046 985.0764
2.94 0.01999998 1002.24866 24.510792 940.50397
2.98 0.01999998 938.709 23.721115 893.6587
3.02 0.01999998 827.8142 22.27594 843.4438
3.06 0.01999998 800.2404 21.901802 795.1213
3.1 0.01999998 781.658 21.646017 744.9226
3.1399999 0.0200001 666.5633 19.988905 692.2682
3.18 0.01999998 634.7974 19.506851 641.512
3.22 0.01999998 549.0788 18.142075 593.8342
3.26 0.01999998 509.51636 17.476267 542.474
3.3 0.01999998 493.93115 17.206907 499.7387
3.34 0.01999998 425.596 15.972334 458.30222
3.38 0.0200001 407.01123 15.6196575 421.42816
3.42 0.01999998 383.63583 15.164538 386.61606
3.46 0.01999998 362.65576 14.744054 356.14172
3.5 0.01999998 292.52234 13.241864 328.64417
3.54 0.01999998 269.14453 12.701715 303.1314
3.58 0.01999998 273.93997 12.814371 279.57745
3.62 0.0200001 251.1601 12.269974 256.84845
3.66 0.01999998 244.56786 12.107913 235.3236
3.7 0.01999998 193.01678 10.756405 217.21198
3.74 0.01999998 228.38321 11.700427 199.8215
3.78 0.01999998 188.22134 10.621944 183.22899
3.82 0.01999998 176.83215 10.295566 168.53394
3.8600001 0.0200001 155.25171 9.646872 154.28833
3.9 0.01999998 139.66742 9.149918 140.39664
3.94 0.01999998 116.28962 8.349108 128.14645
3.98 0.01999998 113.292465 8.240814 116.17948
4.02 0.01999998 104.90043 7.929727 105.69859
4.06 0.01999998 88.116356 7.267715 95.837234
4.1 0.01999998 76.12774 6.7552443 86.8684
4.14 0.01999998 79.72433 6.912976 78.77597
4.18 0.01999998 71.33229 6.5390205 71.54607
4.22 0.01999998 55.14765 5.7495403 64.98073
4.26 0.02000022 52.149876 5.5910535 58.932625
4.3 0.01999998 38.963017 4.8327675 53.296238
4.34 0.01999998 44.957325 5.191225 48.48173
4.38 0.01999998 40.161877 4.906554 43.960823
4.42 0.01999998 38.963017 4.8327675 40.012505
4.46 0.01999998 37.164722 4.7199244 36.21298
4.5 0.01999998 39.562447 4.8698006 32.926704
4.54 0.01999998 32.369274 4.4049006 29.98163
4.58 0.01999998 28.772688 4.15298 27.156
4.62 0.01999998 29.37212 4.1960173 24.529358
4.66 0.01999998 18.582361 3.3374906 22.228897
4.7 0.01999998 20.380655 3.4952533 20.146654
4.74 0.02000022 17.383291 3.2279963 18.214111
4.78 0.01999998 20.980085 3.5462818 16.54091
4.82 0.01999998 15.585206 3.0565104 14.914595
4.86 0.01999998 17.982931 3.2832189 13.528712
4.9 0.01999998 13.786913 2.8747702 12.236636
4.94 0.01999998 10.789759 2.5431705 11.102373
4.98 0.01999998 15.585206 3.0565104 10.066186
5.02 0.01999998 13.786913 2.8747702 9.09738
5.06 0.01999998 6.593741 1.9880878 8.267699
5.1 0.01999998 7.193172 2.07649 7.4636908
5.14 0.01999998 7.792603 2.1612792 6.7825065
5.18 0.01999998 7.792603 2.1612792 6.164894
5.22 0.01999998 5.3948793 1.798293 5.5818853
5.26 0.02000022 4.795391 1.6954267 5.075963
5.3 0.01999998 7.193172 2.07649 4.597581
5.34 0.01999998 7.193172 2.07649 4.1789527
5.38 0.01999998 4.7954483 1.695447 3.7976644
5.42 0.01999998 3.596586 1.4683001 3.4408774
5.46 0.01999998 2.3977242 1.1988621 3.1185043
5.5 0.01999998 7.193172 2.07649 2.83328
5.54 0.01999998 3.596586 1.4683001 2.5765097
5.58 0.01999998 3.596586 1.4683001 2.3370206
5.62 0.01999998 3.596586 1.4683001 2.1239433
5.66 0.01999998 1.798293 1.038245 1.9290264
5.7 0.01999998 4.1960173 1.5859454 1.7475631
5.74 0.02000022 2.3976955 1.1988478 1.5889722
5.78 0.01999998 2.3977242 1.1988621 1.4376514
5.82 0.01999998 1.1988621 0.8477235 1.3058109
5.86 0.01999998 1.1988621 0.8477235 1.1875397
5.9 0.01999998 1.798293 1.038245 1.0755786
5.94 0.01999998 1.1988621 0.8477235 0.97886604
5.98 0.01999998 2.997155 1.3403685 0.8890654
6.02 0.01999998 0.59943104 0.59943104 0.80395746
6.06 0.01999998 0 0 0.73138875
6.1 0.01999998 0.59943104 0.59943104 0.66413957
6.14 0.01999998 1.1988621 0.8477235 0.6002334
6.18 0.01999998 0.59943104 0.59943104 0.5502712
6.22 0.01999998 1.1988621 0.8477235 0.50062925
6.26 0.02000022 0.5994239 0.5994239 0.45348546
6.3 0.01999998 0.59943104 0.59943104 0.41344693
6.34 0.01999998 0.59943104 0.59943104 0.37937662
6.38 0.01999998 0 0 0.34610614
6.42 0.01999998 0.59943104 0.59943104 0.31451365
6.46 0.01999998 0 0 0.28600922
6.5 0.01999998 0 0 0.2602316
6.54 0.01999998 1.1988621 0.8477235 0.2343504
6.58 0.01999998 0 0 0.21121225
6.62 0.01999998 0 0 0.1909404
6.66 0.01999998 0 0 0.17243497
6.7 0.01999998 0 0 0.15528284
6.74 0.02000022 0 0 0.13906686
6.78 0.01999998 0 0 0.12575386
6.82 0.01999998 0 0 0.11379304
6.86 0.01999998 0 0 0.10297409
6.9 0.01999998 0 0 0.093161985
6.94 0.01999998 0 0 0.08442001
6.98 0.01999998 0 0 0.07684301
7.02 0.01999998 0 0 0.06954539
7.06 0.01999998 0 0 0.06286979
7.1 0.01999998 0 0 0.05714008
7.14 0.01999998 0 0 0.05189466
7.18 0.01999998 0 0 0.04699723
7.22 0.01999998 0 0 0.04268056
7.26 0.02000022 0 0 0.038573235
7.3 0.01999998 0 0 0.034892343
7.34 0.01999998 0 0 0.031567138
7.38 0.01999998 0 0 0.028823394
7.42 0.01999998 0 0 0.026006022
7.46 0.01999998 0 0 0.023542706
7.5 0.01999998 0 0 0.021338018
7.54 0.01999998 0 0 0.019363277
7.58 0.01999998 0 0 0.017561147
7.62 0.01999998 0 0 0.015897222
7.66 0.01999998 0 0 0.014469284
7.7 0.01999998 0.59943104 0.59943104 0.013125623
7.74 0.02000022 0 0 0.01191243
7.78 0.01999998 0 0 0.0107872505
7.82 0.01999998 0 0 0.009802547
7.86 0.01999998 0 0 0.008860111
7.9 0.01999998 0 0 0.008063944
7.94 0.01999998 0.59943104 0.59943104 0.0073097227
7.98 0.01999998 0 0 0.006628807
8.02 0.01999998 0 0 0.0060203387
8.059999 0.01999998 0 0 0.0054656127
8.1 0.01999998 0 0 0.0049410067
8.139999 0.01999998 0 0 0.0044996357
8.18 0.01999998 0 0 0.0040735127
8.219999 0.01999998 0 0 0.0037015884
8.26 0.01999998 0 0 0.0033524083
8.299999 0.01999998 0 0 0.0030482197
8.34 0.01999998 0 0 0.0027649554
8.379999 0.01999998 0 0 0.0025162033
8.42 0.01999998 0 0 0.002271498
8.459999 0.01999998 0 0 0.0020664227
8.5 0.020000458 0 0 0.0018750216
8.540001 0.01999998 0 0 0.0017017028
8.58 0.01999998 0 0 0.0015442204
8.620001 0.01999998 0 0 0.0014042112
8.66 0.01999998 0 0 0.0012724393
8.700001 0.01999998 0 0 0.0011632642
8.74 0.01999998 0 0 0.001051555
8.780001 0.01999998 0 0 0.00095377956
8.82 0.01999998 0 0 0.00086361566
8.860001 0.01999998 0 0 0.0007826267
8.9 0.01999998 0 0 0.0007116117
8.940001 0.01999998 0 0 0.0006452591
8.98 0.01999998 0 0 0.00058823766
9.02 0.01999998 0 0 0.0005297018
9.059999 0.01999998 0 0 0.00048368963
9.1 0.01999998 0 0 0.00043874158
9.139999 0.01999998 0 0 0.00039775524
9.18 0.01999998 0 0 0.00036183078
9.219999 0.01999998 0 0 0.0003277889
9.26 0.01999998 0 0 0.00029789595
9.299999 0.01999998 0 0 0.00027014563
9.34 0.01999998 0 0 0.00024514736
9.379999 0.01999998 0 0 0.00022277048
9.42 0.01999998 0 0 0.00020177446
9.459999 0.01999998 0 0 0.00018355717
9.5 0.020000458 0 0 0.00016642724
9.540001 0.01999998 0 0 0.00015100768
9.58 0.01999998 0 0 0.00013669113
9.620001 0.01999998 0 0 0.00012452653
9.66 0.01999998 0 0 0.00011276551
9.700001 0.01999998 0 0 0.0001024934
9.74 0.01999998 0 0 0.0000927324
9.780001 0.01999998 0 0 0.00008397609
9.82 0.01999998 0 0 0.00007601081
9.860001 0.01999998 0 0 0.00006848101
9.9 0.01999998 0 0 0.000061880084
9.940001 0.01999998 0 0 0.00005598313
9.98 0.01999998 0 0 0.00005070729
NO NO NO NO NO
1.98 0.01999998 352.69424 6.580071 291.37906
2.02 0.01999998 315.30225 5.5096173 276.49667
2.06 0.01999998 218.61172 3.7535787 211.77309
2.1 0.01999998 196.61179 3.2896812 197.01198
2.1399999 0.0200001 398.51093 6.376379 380.84924
2.18 0.01999998 389.88742 6.1424356 374.21796
2.22 0.01999998 211.76779 3.358011 208.91156
2.26 0.01999998 150.24947 2.3591957 145.64522
2.3 0.01999998 178.9317 2.8323467 175.40202
2.34 0.01999998 117.379585 1.8524641 113.420654
2.38 0.0200001 101.72965 1.6335922 99.15
2.42 0.01999998 205.27539 3.4113214 206.9874
2.46 0.01999998 228.21848 3.899604 232.10559
2.5 0.01999998 56.930935 1.0114763 58.70869
2.54 0.01999998 49.44749 0.9202819 51.642834
2.58 0.01999998 43.976276 0.85298413 45.83498
2.62 0.0200001 39.29662 0.7921353 40.594013
2.66 0.01999998 34.585163 0.73074496 35.97766
2.7 0.01999998 31.839266 0.6838068 31.709633
2.74 0.01999998 28.811613 0.63341355 28.146646
2.78 0.01999998 26.009563 0.58824694 25.27168
2.82 0.01999998 34.519966 0.7827274 32.109352
2.8600001 0.0200001 21.855085 0.5007316 19.781971
2.9 0.01999998 22.613806 0.5343501 20.749556
2.94 0.01999998 19.416172 0.47483802 18.220016
2.98 0.01999998 15.387241 0.38883457 14.648781
3.02 0.01999998 14.43334 0.38839176 14.705849
3.06 0.01999998 11.213184 0.30689394 11.141454
3.1 0.01999998 14.37148 0.39798132 13.696066
3.1399999 0.0200001 11.234167 0.33689028 11.667394
3.18 0.01999998 7.7416477 0.23789507 7.8235354
3.22 0.01999998 6.269632 0.20715447 6.7806697
3.26 0.01999998 5.7268434 0.1964291 6.097279
3.3 0.01999998 5.360237 0.18673271 5.423262
3.34 0.01999998 4.463106 0.1674974 4.806087
3.38 0.0200001 4.1396766 0.1588662 4.2863097
3.42 0.01999998 3.7954276 0.15002745 3.8249116
3.46 0.01999998 3.4544199 0.14044213 3.3923714
3.5 0.01999998 2.6918416 0.12185394 3.0242412
3.54 0.01999998 2.3964763 0.11309671 2.6990972
3.58 0.01999998 2.3685858 0.11079777 2.4173295
3.62 0.0200001 2.3039608 0.11255585 2.3561416
3.66 0.01999998 1.9906533 0.09855202 1.9154098
3.7 0.01999998 1.5391122 0.08577137 1.7320441
3.74 0.01999998 1.7534647 0.089832716 1.5341755
3.78 0.01999998 1.4953107 0.08438527 1.4556494
3.82 0.01999998 1.3153815 0.07658447 1.2536545
3.8600001 0.0200001 1.3625104 0.08466228 1.3540558
3.9 0.01999998 1.0813935 0.07084444 1.0870395
3.94 0.01999998 0.7799757 0.055998992 0.8595017
3.98 0.01999998 0.74769425 0.054386757 0.76674765
4.02 0.01999998 0.6817943 0.051538803 0.6869819
4.06 0.01999998 0.5640029 0.046518173 0.61342156
4.1 0.01999998 0.4778618 0.042403378 0.54528207
4.14 0.01999998 0.4939364 0.042829715 0.4880608
4.18 0.01999998 0.4363977 0.04000451 0.43770555
4.22 0.01999998 0.3310495 0.034514297 0.39007714
4.26 0.02000022 0.30891067 0.0331187 0.3490884
4.3 0.01999998 0.22846921 0.028338118 0.31251556
4.34 0.01999998 0.2591644 0.029925728 0.27948144
4.38 0.01999998 0.22832483 0.027894318 0.24992228
4.42 0.01999998 0.21814442 0.027057486 0.22402024
4.46 0.01999998 0.2056223 0.026114058 0.20035656
4.5 0.01999998 0.22735617 0.02798561 0.1892221
4.54 0.01999998 0.17388223 0.023662373 0.1610562
4.58 0.01999998 0.15310079 0.022098197 0.14449832
4.62 0.01999998 0.15376909 0.021967012 0.12841623
4.66 0.01999998 0.09661261 0.017352138 0.11557153
4.7 0.01999998 0.10475786 0.017965825 0.10355508
4.74 0.02000022 0.09138799 0.016970323 0.0957558
4.78 0.01999998 0.105564855 0.017843718 0.08322839
4.82 0.01999998 0.07942337 0.015576204 0.07600588
4.86 0.01999998 0.08920374 0.0162863 0.067108735
4.9 0.01999998 0.06756122 0.014087488 0.059964262
4.94 0.01999998 0.052388072 0.012347987 0.053905927
4.98 0.01999998 0.07481859 0.014673132 0.048323892
5.02 0.01999998 0.06570515 0.01370047 0.043355945
5.06 0.01999998 0.03110856 0.009379584 0.039006118
5.1 0.01999998 0.033678878 0.009722255 0.034945462
5.14 0.01999998 0.036079172 0.010006562 0.031402502
5.18 0.01999998 0.035735358 0.009911206 0.028271003
5.22 0.01999998 0.024536874 0.008178959 0.025387412
5.26 0.02000022 0.021492356 0.007598696 0.022749847
5.3 0.01999998 0.03209419 0.009264796 0.020513294
5.34 0.01999998 0.03175411 0.009166622 0.0184479
5.38 0.01999998 0.020903112 0.0073903664 0.016553825
5.42 0.01999998 0.015560935 0.0063527254 0.014887249
5.46 0.01999998 0.010315804 0.005157902 0.01341684
5.5 0.01999998 0.030594956 0.008832003 0.012050883
5.54 0.01999998 0.015144432 0.0061826883 0.010849115
5.58 0.01999998 0.0150229065 0.0061330763 0.009761713
5.62 0.01999998 0.014868903 0.006070204 0.008780746
5.66 0.01999998 0.00736924 0.0042546326 0.007904973
5.7 0.01999998 0.017120847 0.006471072 0.007130515
5.74 0.02000022 0.009663497 0.0048317485 0.006404077
5.78 0.01999998 0.009612738 0.004806369 0.0057637016
5.82 0.01999998 0.004777792 0.0033784092 0.0052040126
5.86 0.01999998 0.0047341366 0.00334754 0.0046894266
5.9 0.01999998 0.0070381737 0.0040634917 0.0042096083
5.94 0.01999998 0.004652366 0.0032897193 0.003798638
5.98 0.01999998 0.011560355 0.005169948 0.0034292226
6.02 0.01999998 0.0023022427 0.0023022427 0.0030877702
6.06 0.01999998 0 0 0.0027784389
6.1 0.01999998 0.0022633306 0.0022633306 0.002507657
6.14 0.01999998 0.0045174095 0.003194291 0.002261728
6.18 0.01999998 0.0022225007 0.0022225007 0.0020402316
6.22 0.01999998 0.004401475 0.0031123129 0.001837999
6.26 0.02000022 0.0021894183 0.0021894183 0.0016563728
6.3 0.01999998 0.0021683022 0.0021683022 0.001495548
6.34 0.01999998 0.0021359834 0.0021359834 0.0013518523
6.38 0.01999998 0 0 0.0012170601
6.42 0.01999998 0.0029190315 0.0029190315 0.0015315778
6.46 0.01999998 0 0 0.0010644196
6.5 0.01999998 0 0 0.00092448003
6.54 0.01999998 0.0041331723 0.0029225943 0.0008079417
6.58 0.01999998 0 0 0.0007276565
6.62 0.01999998 0 0 0.0006587187
6.66 0.01999998 0 0 0.0005949917
6.7 0.01999998 0 0 0.0005359348
6.74 0.02000022 0 0 0.000483792
6.78 0.01999998 0 0 0.00043770374
6.82 0.01999998 0 0 0.0003957077
6.86 0.01999998 0 0 0.00035692658
6.9 0.01999998 0 0 0.0003219415
6.94 0.01999998 0 0 0.00029128883
6.98 0.01999998 0 0 0.00026375745
7.02 0.01999998 0 0 0.00023791418
7.06 0.01999998 0 0 0.00021447253
7.1 0.01999998 0 0 0.00019427574
7.14 0.01999998 0 0 0.0001760663
7.18 0.01999998 0 0 0.00016637456
7.22 0.01999998 0 0 0.00014316826
7.26 0.02000022 0 0 0.0001305571
7.3 0.01999998 0 0 0.000117650015
7.34 0.01999998 0 0 0.00010617268
7.38 0.01999998 0 0 0.00009581547
7.42 0.01999998 0 0 0.0000870305
7.46 0.01999998 0 0 0.00007865884
7.5 0.01999998 0 0 0.00007166185
7.54 0.01999998 0 0 0.00006420342
7.58 0.01999998 0 0 0.000058062353
7.62 0.01999998 0 0 0.00005268844
7.66 0.01999998 0 0 0.000047606893
7.7 0.01999998 0.0019613532 0.0019613532 0.000042947366
7.74 0.02000022 0 0 0.000038903883
7.78 0.01999998 0 0 0.00003533709
7.82 0.01999998 0 0 0.000031930755
7.86 0.01999998 0 0 0.000028813572
7.9 0.01999998 0 0 0.000026108917
7.94 0.01999998 0.0019456453 0.0019456453 0.000023726045
7.98 0.01999998 0 0 0.000021444077
8.02 0.01999998 0 0 0.000019358335
8.059999 0.01999998 0 0 0.00001753844
8.1 0.01999998 0 0 0.000015940912
8.139999 0.01999998 0 0 0.000014418437
8.18 0.01999998 0 0 0.000013021071
8.219999 0.01999998 0 0 0.000011789119
8.26 0.01999998 0 0 0.000010720788
8.299999 0.01999998 0 0 0.000009705515
8.34 0.01999998 0 0 0.000008763656
8.379999 0.01999998 0 0 0.0000079329975
8.42 0.01999998 0 0 0.0000072310954
8.459999 0.01999998 0 0 0.0000065375757
8.5 0.020000458 0 0 0.000005903015
8.540001 0.01999998 0 0 0.0000053426083
8.58 0.01999998 0 0 0.0000048624224
8.620001 0.01999998 0 0 0.0000044061926
8.66 0.01999998 0 0 0.0000039795077
8.700001 0.01999998 0 0 0.0000036023237
8.74 0.01999998 0 0 0.0000032772969
8.780001 0.01999998 0 0 0.0000029717958
8.82 0.01999998 0 0 0.0000026852665
8.860001 0.01999998 0 0 0.0000024295089
8.9 0.01999998 0 0 0.0000022101574
8.940001 0.01999998 0 0 0.000002005837
8.98 0.01999998 0 0 0.0000018133301
9.02 0.01999998 0 0 0.0000016399558
9.059999 0.01999998 0 0 0.0000014913226
9.1 0.01999998 0 0 0.0000013547952
9.139999 0.01999998 0 0 0.0000012250948
9.18 0.01999998 0 0 0.0000011077728
9.219999 0.01999998 0 0 0.0000010069024
9.26 0.01999998 0 0 9.154856E-7
9.299999 0.01999998 0 0 8.281356E-7
9.34 0.01999998 0 0 7.4871355E-7
9.379999 0.01999998 0 0 6.8022837E-7
9.42 0.01999998 0 0 6.188832E-7
9.459999 0.01999998 0 0 5.600954E-7
9.5 0.020000458 0 0 5.0638636E-7
9.540001 0.01999998 0 0 4.597723E-7
9.58 0.01999998 0 0 4.185776E-7
9.620001 0.01999998 0 0 3.7905312E-7
9.66 0.01999998 0 0 3.4265807E-7
9.700001 0.01999998 0 0 3.1096752E-7
9.74 0.01999998 0 0 2.8323058E-7
9.780001 0.01999998 0 0 2.5665477E-7
9.82 0.01999998 0 0 2.3199216E-7
9.860001 0.01999998 0 0 2.1044733E-7
9.9 0.01999998 0 0 1.91732E-7
9.940001 0.01999998 0 0 1.7383732E-7
9.98 0.01999998 0 0 1.5715541E-7
NO NO NO NO NO
1.98 0.01999998 1.2104311 0.022582512 NO
2.02 0.01999998 1.1403474 0.019926524 NO
2.06 0.01999998 1.0322922 0.01772453 NO
2.1 0.01999998 0.9979687 0.016697874 NO
2.1399999 0.0200001 1.0463744 0.016742527 NO
2.18 0.01999998 1.0418726 0.016414057 NO
2.22 0.01999998 1.013672 0.01607384 NO
2.26 0.01999998 1.0316128 0.016198236 NO
2.3 0.01999998 1.0201234 0.016147742 NO
2.34 0.01999998 1.0349048 0.016332688 NO
2.38 0.0200001 1.0260177 0.016475968 NO
2.42 0.01999998 0.9917289 0.016480817 NO
2.46 0.01999998 0.9832528 0.01680099 NO
2.5 0.01999998 0.969719 0.017228732 NO
2.54 0.01999998 0.9574899 0.017820127 NO
2.58 0.01999998 0.9594479 0.018609894 NO
2.62 0.0200001 0.96803975 0.0195136 NO
2.66 0.01999998 0.9612954 0.020311072 NO
2.7 0.01999998 1.0040882 0.021564638 NO
2.74 0.01999998 1.0236251 0.02250405 NO
2.78 0.01999998 1.029198 0.023276923 NO
2.82 0.01999998 1.0750751 0.02437693 NO
2.8600001 0.0200001 1.1047982 0.025312524 NO
2.9 0.01999998 1.0898453 0.025752362 NO
2.94 0.01999998 1.0656507 0.02606134 NO
2.98 0.01999998 1.0504111 0.026543818 NO
3.02 0.01999998 0.9814694 0.0264107 NO
3.06 0.01999998 1.0064381 0.027545234 NO
3.1 0.01999998 1.0493145 0.029058076 NO
3.1399999 0.0200001 0.9628686 0.028874509 NO
3.18 0.01999998 0.9895332 0.030407617 NO
3.22 0.01999998 0.92463315 0.030550739 NO
3.26 0.01999998 0.9392457 0.03221586 NO
3.3 0.01999998 0.9883788 0.034431808 NO
3.34 0.01999998 0.9286362 0.034851097 NO
3.38 0.0200001 0.9657903 0.03706363 NO
3.42 0.01999998 0.99229157 0.039223768 NO
3.46 0.01999998 1.0182905 0.0413994 NO
3.5 0.01999998 0.8900883 0.040292405 NO
3.54 0.01999998 0.8878807 0.04190168 NO
3.58 0.01999998 0.97983575 0.045834783 NO
3.62 0.0200001 0.9778533 0.04777126 NO
3.66 0.01999998 1.0392832 0.051452186 NO
3.7 0.01999998 0.88861024 0.049520314 NO
3.74 0.01999998 1.1429361 0.058554392 NO
3.78 0.01999998 1.0272465 0.057970874 NO
3.82 0.01999998 1.0492377 0.06108898 NO
3.8600001 0.0200001 1.0062441 0.06252496 NO
3.9 0.01999998 0.9948061 0.06517191 NO
3.94 0.01999998 0.9074743 0.065152854 NO
3.98 0.01999998 0.97515035 0.070931755 NO
4.02 0.01999998 0.9924487 0.07502207 NO
4.06 0.01999998 0.91943765 0.07583394 NO
4.1 0.01999998 0.87635714 0.077764116 NO
4.14 0.01999998 1.0120386 0.087754875 NO
4.18 0.01999998 0.9970121 0.091395944 NO
4.22 0.01999998 0.84867704 0.088480696 NO
4.26 0.02000022 0.8849067 0.09487196 NO
4.3 0.01999998 0.73106503 0.09067746 NO
4.34 0.01999998 0.9273045 0.1070759 NO
4.38 0.01999998 0.9135834 0.11161197 NO
4.42 0.01999998 0.97377104 0.12078143 NO
4.46 0.01999998 1.0262818 0.13033792 NO
4.5 0.01999998 1.2015307 0.14789821 NO
4.54 0.01999998 1.0796369 0.14691997 NO
4.58 0.01999998 1.0595334 0.15293047 NO
4.62 0.01999998 1.1974272 0.17106102 NO
4.66 0.01999998 0.83595514 0.15014197 NO
4.7 0.01999998 1.0116149 0.17349052 NO
4.74 0.02000022 0.95438594 0.17722502 NO
4.78 0.01999998 1.2683755 0.2143946 NO
4.82 0.01999998 1.0449635 0.2049342 NO
4.86 0.01999998 1.3292418 0.24268524 NO
4.9 0.01999998 1.1266915 0.2349314 NO
4.94 0.01999998 0.9718425 0.22906548 NO
4.98 0.01999998 1.5482732 0.30364135 NO
5.02 0.01999998 1.5154818 0.3159998 NO
5.06 0.01999998 0.7975303 0.24046443 NO
5.1 0.01999998 0.9637554 0.27821222 NO
5.14 0.01999998 1.1489267 0.31865492 NO
5.18 0.01999998 1.2640287 0.3505785 NO
5.22 0.01999998 0.96649766 0.32216588 NO
5.26 0.02000022 0.9447254 0.33401087 NO
5.3 0.01999998 1.5645559 0.45164835 NO
5.34 0.01999998 1.7212858 0.49689242 NO
5.38 0.01999998 1.2627361 0.44644463 NO
5.42 0.01999998 1.0452526 0.4267226 NO
5.46 0.01999998 0.7688699 0.38443494 NO
5.5 0.01999998 2.5388145 0.7328926 NO
5.54 0.01999998 1.395914 0.5698795 NO
5.58 0.01999998 1.5389621 0.6282787 NO
5.62 0.01999998 1.693353 0.6913085 NO
5.66 0.01999998 0.9322284 0.5382223 NO
5.7 0.01999998 2.4010675 0.9075182 NO
5.74 0.02000022 1.50896 0.75448 NO
5.78 0.01999998 1.6678063 0.83390313 NO
5.82 0.01999998 0.91809773 0.6491931 NO
5.86 0.01999998 1.0095342 0.7138485 NO
5.9 0.01999998 1.6719308 0.9652897 NO
5.94 0.01999998 1.2247458 0.86602604 NO
5.98 0.01999998 3.3711302 1.5076152 NO
6.02 0.01999998 0.7456004 0.7456004 NO
6.06 0.01999998 0 0 NO
6.1 0.01999998 0.90256786 0.90256786 NO
6.14 0.01999998 1.9973266 1.4123231 NO
6.18 0.01999998 1.0893373 1.0893373 NO
6.22 0.01999998 2.3947103 1.6933159 NO
6.26 0.02000022 1.321815 1.321815 NO
6.3 0.01999998 1.4498379 1.4498379 NO
6.34 0.01999998 1.5800421 1.5800421 NO
6.38 0.01999998 0 0 NO
6.42 0.01999998 1.9058983 1.9058983 NO
6.46 0.01999998 0 0 NO
6.5 0.01999998 0 0 NO
6.54 0.01999998 5.1156816 3.6173332 NO
6.58 0.01999998 0 0 NO
6.62 0.01999998 0 0 NO
6.66 0.01999998 0 0 NO
6.7 0.01999998 0 0 NO
6.74 0.02000022 0 0 NO
6.78 0.01999998 0 0 NO
6.82 0.01999998 0 0 NO
6.86 0.01999998 0 0 NO
6.9 0.01999998 0 0 NO
6.94 0.01999998 0 0 NO
6.98 0.01999998 0 0 NO
7.02 0.01999998 0 0 NO
7.06 0.01999998 0 0 NO
7.1 0.01999998 0 0 NO
7.14 0.01999998 0 0 NO
7.18 0.01999998 0 0 NO
7.22 0.01999998 0 0 NO
7.26 0.02000022 0 0 NO
7.3 0.01999998 0 0 NO
7.34 0.01999998 0 0 NO
7.38 0.01999998 0 0 NO
7.42 0.01999998 0 0 NO
7.46 0.01999998 0 0 NO
7.5 0.01999998 0 0 NO
7.54 0.01999998 0 0 NO
7.58 0.01999998 0 0 NO
7.62 0.01999998 0 0 NO
7.66 0.01999998 0 0 NO
7.7 0.01999998 45.668766 45.668766 NO
7.74 0.02000022 0 0 NO
7.78 0.01999998 0 0 NO
7.82 0.01999998 0 0 NO
7.86 0.01999998 0 0 NO
7.9 0.01999998 0 0 NO
7.94 0.01999998 82.004616 82.004616 NO
7.98 0.01999998 0 0 NO
8.02 0.01999998 0 0 NO
8.059999 0.01999998 0 0 NO
8.1 0.01999998 0 0 NO
8.139999 0.01999998 0 0 NO
8.18 0.01999998 0 0 NO
8.219999 0.01999998 0 0 NO
8.26 0.01999998 0 0 NO
8.299999 0.01999998 0 0 NO
8.34 0.01999998 0 0 NO
8.379999 0.01999998 0 0 NO
8.42 0.01999998 0 0 NO
8.459999 0.01999998 0 0 NO
8.5 0.020000458 0 0 NO
8.540001 0.01999998 0 0 NO
8.58 0.01999998 0 0 NO
8.620001 0.01999998 0 0 NO
8.66 0.01999998 0 0 NO
8.700001 0.01999998 0 0 NO
8.74 0.01999998 0 0 NO
8.780001 0.01999998 0 0 NO
8.82 0.01999998 0 0 NO
8.860001 0.01999998 0 0 NO
8.9 0.01999998 0 0 NO
8.940001 0.01999998 0 0 NO
8.98 0.01999998 0 0 NO
9.02 0.01999998 0 0 NO
9.059999 0.01999998 0 0 NO
9.1 0.01999998 0 0 NO
9.139999 0.01999998 0 0 NO
9.18 0.01999998 0 0 NO
9.219999 0.01999998 0 0 NO
9.26 0.01999998 0 0 NO
9.299999 0.01999998 0 0 NO
9.34 0.01999998 0 0 NO
9.379999 0.01999998 0 0 NO
9.42 0.01999998 0 0 NO
9.459999 0.01999998 0 0 NO
9.5 0.020000458 0 0 NO
9.540001 0.01999998 0 0 NO
9.58 0.01999998 0 0 NO
9.620001 0.01999998 0 0 NO
9.66 0.01999998 0 0 NO
9.700001 0.01999998 0 0 NO
9.74 0.01999998 0 0 NO
9.780001 0.01999998 0 0 NO
9.82 0.01999998 0 0 NO
9.860001 0.01999998 0 0 NO
9.9 0.01999998 0 0 NO
9.940001 0.01999998 0 0 NO
9.98 0.01999998 0 0 NO
