READ SERR 1 2
@xspec/mod_apec1fit_fpmab_cstat.pco
!
1.98 0.01999998 1406.1227 19.91902 1194.949
2.02 0.01999998 1604.4712 21.276543 1447.6931
2.06 0.01999998 1706.2048 21.912666 1648.4065
2.1 0.01999998 1806.9731 22.544348 1796.4236
2.1399999 0.0200001 1967.8809 23.531225 1882.3784
2.18 0.01999998 2028.4218 23.891329 1943.8918
2.22 0.01999998 2019.198 23.827362 1977.4418
2.26 0.01999998 2073.6643 24.138641 1987.354
2.3 0.01999998 2038.4067 23.933676 1983.153
2.34 0.01999998 1995.9814 23.713943 1969.3531
2.38 0.0200001 1923.1022 23.279705 1924.1016
2.42 0.01999998 1829.0383 22.683186 1861.7926
2.46 0.01999998 1727.037 22.043444 1778.7931
2.5 0.01999998 1586.3966 21.133873 1674.0933
2.54 0.01999998 1470.1154 20.328316 1546.7153
2.58 0.01999998 1347.5364 19.466463 1423.859
2.62 0.0200001 1235.0497 18.645264 1310.3966
2.66 0.01999998 1180.7793 18.18903 1200.3556
2.7 0.01999998 1145.7137 17.91484 1113.7025
2.74 0.01999998 1079.9094 17.402712 1041.7241
2.78 0.01999998 1039.635 17.060478 984.82874
2.82 0.01999998 999.48755 16.75436 939.6885
2.8600001 0.0200001 970.9537 16.519794 897.93396
2.9 0.01999998 932.72064 16.174992 859.55334
2.94 0.01999998 874.4081 15.658168 821.59106
2.98 0.01999998 821.00964 15.170789 783.4148
3.02 0.01999998 742.66144 14.412049 741.7304
3.06 0.01999998 715.13403 14.1449175 701.37476
3.1 0.01999998 682.68756 13.834812 658.35956
3.1399999 0.0200001 584.4261 12.798178 614.34326
3.18 0.01999998 556.5853 12.489646 570.48773
3.22 0.01999998 491.07962 11.721058 528.60547
3.26 0.01999998 448.39755 11.208356 483.9347
3.3 0.01999998 439.84158 11.094929 445.4696
3.34 0.01999998 388.6256 10.417239 410.56552
3.38 0.0200001 360.5027 10.046974 376.74982
3.42 0.01999998 351.10602 9.9006195 347.20337
3.46 0.01999998 319.24185 9.457247 320.10284
3.5 0.01999998 272.97916 8.722421 295.727
3.54 0.01999998 259.25464 8.488775 273.74564
3.58 0.01999998 250.45639 8.362361 252.84927
3.62 0.0200001 224.562 7.9261746 233.38132
3.66 0.01999998 227.37335 7.9618335 214.78412
3.7 0.01999998 190.40186 7.2675037 198.59529
3.74 0.01999998 198.16136 7.4559655 183.07431
3.78 0.01999998 170.95572 6.910857 168.76657
3.82 0.01999998 162.97104 6.7431793 155.45946
3.8600001 0.0200001 140.22112 6.2604346 142.90492
3.9 0.01999998 126.57691 5.947165 130.59096
3.94 0.01999998 110.562294 5.5465965 119.24748
3.98 0.01999998 102.70237 5.3569503 108.39532
4.02 0.01999998 104.61325 5.384536 98.6858
4.06 0.01999998 85.025246 4.860982 89.54989
4.1 0.01999998 71.39732 4.459838 81.22694
4.14 0.01999998 68.869896 4.396412 73.86525
4.18 0.01999998 59.83926 4.1037345 67.12456
4.22 0.01999998 55.05484 3.906015 60.99265
4.26 0.02000022 51.265568 3.7715707 55.561573
4.3 0.01999998 41.61899 3.387016 50.416935
4.34 0.01999998 44.10724 3.498668 45.949863
4.38 0.01999998 41.45506 3.3848627 41.783527
4.42 0.01999998 37.54773 3.2304688 38.04941
4.46 0.01999998 37.920853 3.238854 34.582527
4.5 0.01999998 35.048454 3.1326578 31.457012
4.54 0.01999998 25.344975 2.6798637 28.685396
4.58 0.01999998 26.09122 2.7000299 26.034365
4.62 0.01999998 22.57413 2.5315585 23.571348
4.66 0.01999998 18.451519 2.2617679 21.443672
4.7 0.01999998 19.859573 2.3483133 19.451767
4.74 0.02000022 18.360777 2.250624 17.658442
4.78 0.01999998 19.650381 2.3398528 16.05036
4.82 0.01999998 13.645041 1.9556941 14.513638
4.86 0.01999998 19.424072 2.3128982 13.190262
4.9 0.01999998 15.544887 2.0657845 11.973525
4.94 0.01999998 9.975048 1.6680439 10.859295
4.98 0.01999998 12.118319 1.8537148 9.877159
5.02 0.01999998 9.692449 1.6668204 8.941494
5.06 0.01999998 8.385947 1.5109792 8.132334
5.1 0.01999998 6.9044857 1.3855181 7.370172
5.14 0.01999998 7.458655 1.440221 6.7016644
5.18 0.01999998 6.9497476 1.3945404 6.0934777
5.22 0.01999998 4.987524 1.1794851 5.5362253
5.26 0.02000022 3.4154987 0.9887359 5.0234766
5.3 0.01999998 5.6322165 1.2633 4.569965
5.34 0.01999998 6.1411242 1.3135525 4.1559906
5.38 0.01999998 3.4155393 0.9887477 3.7826567
5.42 0.01999998 3.325016 0.9630456 3.4346504
5.46 0.01999998 2.471131 0.8264692 3.1242127
5.5 0.01999998 6.1411242 1.3135525 2.8420548
5.54 0.01999998 2.8161082 0.8932879 2.5840642
5.58 0.01999998 3.0705621 0.92882186 2.3474314
5.62 0.01999998 2.3072007 0.8176 2.1386688
5.66 0.01999998 1.662508 0.68097603 1.9408131
5.7 0.01999998 3.8791852 1.0402081 1.7611995
5.74 0.02000022 2.216651 0.7863141 1.605485
5.78 0.01999998 1.9622235 0.7440146 1.4566064
5.82 0.01999998 1.1083387 0.5560146 1.322015
5.86 0.01999998 2.3806078 0.79554135 1.205266
5.9 0.01999998 1.4080541 0.63165 1.0947164
5.94 0.01999998 0.8538848 0.49437386 0.99631757
5.98 0.01999998 2.0074852 0.7606842 0.90357995
6.02 0.01999998 0.80862314 0.4683192 0.82101107
6.06 0.01999998 0.2544538 0.2544538 0.74726963
6.1 0.01999998 0.55416936 0.3931617 0.6774808
6.14 0.01999998 1.1083387 0.5560146 0.617341
6.18 0.01999998 1.8264384 0.6915995 0.56280494
6.22 0.01999998 0.8538848 0.49437386 0.5130835
6.26 0.02000022 0.29971194 0.29971194 0.4673139
6.3 0.01999998 0.55416936 0.3931617 0.4266868
6.34 0.01999998 0.55416936 0.3931617 0.39085507
6.38 0.01999998 0.2544538 0.2544538 0.35722676
6.42 0.01999998 0.29971552 0.29971552 0.32560176
6.46 0.01999998 0.2544538 0.2544538 0.29690093
6.5 0.01999998 0.2544538 0.2544538 0.26955983
6.54 0.01999998 0.8538848 0.49437386 0.24370515
6.58 0.01999998 0 0 0.21940055
6.62 0.01999998 0 0 0.19842939
6.66 0.01999998 0.2544538 0.2544538 0.17920476
6.7 0.01999998 0 0 0.1615189
6.74 0.02000022 0 0 0.14531113
6.78 0.01999998 0.2544538 0.2544538 0.13110894
6.82 0.01999998 0.2544538 0.2544538 0.11881866
6.86 0.01999998 0 0 0.1075506
6.9 0.01999998 0.2544538 0.2544538 0.09741988
6.94 0.01999998 0 0 0.08828221
6.98 0.01999998 0 0 0.080340974
7.02 0.01999998 0 0 0.07279677
7.06 0.01999998 0 0 0.06605762
7.1 0.01999998 0 0 0.059965197
7.14 0.01999998 0.2544538 0.2544538 0.05446759
7.18 0.01999998 0 0 0.049345784
7.22 0.01999998 0 0 0.044830065
7.26 0.02000022 0 0 0.040605113
7.3 0.01999998 0 0 0.036800668
7.34 0.01999998 0 0 0.033358812
7.38 0.01999998 0 0 0.030392502
7.42 0.01999998 0 0 0.027460715
7.46 0.01999998 0 0 0.02492346
7.5 0.01999998 0 0 0.022591555
7.54 0.01999998 0 0 0.020484392
7.58 0.01999998 0 0 0.018598873
7.62 0.01999998 0 0 0.016877118
7.66 0.01999998 0 0 0.015321256
7.7 0.01999998 0.29971552 0.29971552 0.013914517
7.74 0.02000022 0 0 0.012615483
7.78 0.01999998 0 0 0.011440791
7.82 0.01999998 0 0 0.010412759
7.86 0.01999998 0 0 0.009431372
7.9 0.01999998 0 0 0.008565823
7.94 0.01999998 0.29971552 0.29971552 0.0077785123
7.98 0.01999998 0 0 0.007062767
8.02 0.01999998 0 0 0.0064028073
8.059999 0.01999998 0 0 0.005815627
8.1 0.01999998 0 0 0.005276971
8.139999 0.01999998 0 0 0.004795505
8.18 0.01999998 0 0 0.0043463586
8.219999 0.01999998 0 0 0.003954376
8.26 0.01999998 0 0 0.0035830669
8.299999 0.01999998 0 0 0.003259016
8.34 0.01999998 0 0 0.0029564002
8.379999 0.01999998 0 0 0.002691754
8.42 0.01999998 0 0 0.0024368996
8.459999 0.01999998 0 0 0.0022120536
8.5 0.020000458 0 0 0.0020113857
8.540001 0.01999998 0 0 0.0018235404
8.58 0.01999998 0 0 0.0016552198
8.620001 0.01999998 0 0 0.0015051786
8.66 0.01999998 0 0 0.0013646215
8.700001 0.01999998 0 0 0.0012450429
8.74 0.01999998 0 0 0.0011267778
8.780001 0.01999998 0 0 0.0010222923
8.82 0.01999998 0 0 0.0009273009
8.860001 0.01999998 0 0 0.00084137055
8.9 0.01999998 0 0 0.00076528464
8.940001 0.01999998 0 0 0.00069535547
8.98 0.01999998 0 0 0.0006323209
9.02 0.01999998 0 0 0.0005704125
9.059999 0.01999998 0 0 0.0005194106
9.1 0.01999998 0 0 0.00047195298
9.139999 0.01999998 0 0 0.0004284862
9.18 0.01999998 0 0 0.00038942986
9.219999 0.01999998 0 0 0.00035272902
9.26 0.01999998 0 0 0.00032114467
9.299999 0.01999998 0 0 0.00029067055
9.34 0.01999998 0 0 0.00026407937
9.379999 0.01999998 0 0 0.00023951894
9.42 0.01999998 0 0 0.00021740721
9.459999 0.01999998 0 0 0.00019785772
9.5 0.020000458 0 0 0.00017958238
9.540001 0.01999998 0 0 0.00016258928
9.58 0.01999998 0 0 0.00014729671
9.620001 0.01999998 0 0 0.00013400862
9.66 0.01999998 0 0 0.00012141678
9.700001 0.01999998 0 0 0.00011014211
9.74 0.01999998 0 0 0.000099825236
9.780001 0.01999998 0 0 0.000090308335
9.82 0.01999998 0 0 0.0000819025
9.860001 0.01999998 0 0 0.00007374571
9.9 0.01999998 0 0 0.000066621935
9.940001 0.01999998 0 0 0.000060190436
9.98 0.01999998 0 0 0.000054459724
NO NO NO NO NO
1.98 0.01999998 272.05548 3.8539157 231.19775
2.02 0.01999998 247.81009 3.2861555 223.59576
2.06 0.01999998 173.75125 2.2314749 167.86536
2.1 0.01999998 156.91946 1.9577752 156.00334
2.1399999 0.0200001 313.19955 3.7451298 299.59134
2.18 0.01999998 318.34943 3.7496102 305.08295
2.22 0.01999998 169.12598 1.9957557 165.62852
2.26 0.01999998 121.02061 1.4087492 115.983475
2.3 0.01999998 146.219 1.7168105 142.25552
2.34 0.01999998 93.27859 1.1082283 92.034164
2.38 0.0200001 80.65643 0.9763693 80.69835
2.42 0.01999998 164.65643 2.0420198 167.60509
2.46 0.01999998 185.58405 2.3687458 191.14566
2.5 0.01999998 45.27513 0.60315233 47.777958
2.54 0.01999998 39.942074 0.55230707 42.023247
2.58 0.01999998 35.44321 0.5120114 37.45067
2.62 0.0200001 31.329218 0.47297004 33.240524
2.66 0.01999998 29.011063 0.44689393 29.492043
2.7 0.01999998 26.805214 0.41913712 26.056276
2.74 0.01999998 24.039867 0.38740182 23.189823
2.78 0.01999998 22.022827 0.361396 20.861853
2.82 0.01999998 28.112413 0.471247 26.430454
2.8600001 0.0200001 17.747282 0.30195206 16.412613
2.9 0.01999998 18.861341 0.32708836 17.381763
2.94 0.01999998 16.12438 0.2887419 15.150416
2.98 0.01999998 12.814663 0.23679203 12.227867
3.02 0.01999998 12.334631 0.2393652 12.319167
3.06 0.01999998 9.529142 0.18848066 9.3458
3.1 0.01999998 12.173659 0.24670187 11.739843
3.1399999 0.0200001 9.588459 0.2099749 10.079299
3.18 0.01999998 6.4596705 0.14495352 6.6210203
3.22 0.01999998 5.3408546 0.12747519 5.7489767
3.26 0.01999998 4.8006854 0.1200002 5.1811576
3.3 0.01999998 4.560093 0.11502757 4.618442
3.34 0.01999998 3.886008 0.10416574 4.1053934
3.38 0.0200001 3.5095937 0.09781008 3.667764
3.42 0.01999998 3.3176007 0.09355095 3.2807245
3.46 0.01999998 2.9104192 0.0862185 2.9182687
3.5 0.01999998 2.406223 0.07688531 2.6067376
3.54 0.01999998 2.2075865 0.07228301 2.330979
3.58 0.01999998 2.0750353 0.0692823 2.0948603
3.62 0.0200001 1.9782032 0.06982297 2.055894
3.66 0.01999998 1.7638571 0.061764214 1.6661956
3.7 0.01999998 1.451052 0.055385623 1.513494
3.74 0.01999998 1.4515405 0.054615267 1.3410271
3.78 0.01999998 1.2956727 0.052377354 1.279081
3.82 0.01999998 1.1571807 0.047880143 1.1038445
3.8600001 0.0200001 1.2047356 0.053787682 1.227794
3.9 0.01999998 0.9456362 0.044430334 0.97562456
3.94 0.01999998 0.7045518 0.035345364 0.75989765
3.98 0.01999998 0.6443063 0.03360698 0.6800211
4.02 0.01999998 0.6470315 0.03330328 0.6103703
4.06 0.01999998 0.5184771 0.029641874 0.546068
4.1 0.01999998 0.4278536 0.026725903 0.48675832
4.14 0.01999998 0.40689704 0.025974875 0.43641058
4.18 0.01999998 0.34964097 0.023978133 0.39220902
4.22 0.01999998 0.3164056 0.022448253 0.35053077
4.26 0.02000022 0.28999946 0.02133505 0.31430113
4.3 0.01999998 0.23262338 0.01893124 0.28179824
4.34 0.01999998 0.2426205 0.019245109 0.2527562
4.38 0.01999998 0.22474724 0.018350922 0.22652802
4.42 0.01999998 0.20065111 0.017263286 0.20333204
4.46 0.01999998 0.19991948 0.017075302 0.18231976
4.5 0.01999998 0.19359507 0.017303675 0.17375723
4.54 0.01999998 0.13001612 0.01374732 0.147152
4.58 0.01999998 0.1326453 0.013726696 0.13235626
4.62 0.01999998 0.11286103 0.012656716 0.117846705
4.66 0.01999998 0.09140722 0.011204601 0.10623009
4.7 0.01999998 0.09736327 0.011512809 0.09536397
4.74 0.02000022 0.09227005 0.011310261 0.08874054
4.78 0.01999998 0.094229385 0.011220287 0.07696622
4.82 0.01999998 0.066316664 0.009504925 0.07053815
4.86 0.01999998 0.0918157 0.010932846 0.06234909
4.9 0.01999998 0.07241092 0.0096228 0.055774864
4.94 0.01999998 0.046125274 0.007713144 0.05021409
4.98 0.01999998 0.055365454 0.008469142 0.04512618
5.02 0.01999998 0.04396702 0.0075610536 0.04056053
5.06 0.01999998 0.03767675 0.006788594 0.036537305
5.1 0.01999998 0.030727847 0.0061661345 0.032800347
5.14 0.01999998 0.032876864 0.006348323 0.02954014
5.18 0.01999998 0.030366808 0.0060934215 0.026625352
5.22 0.01999998 0.021579912 0.0051033706 0.02395402
5.26 0.02000022 0.0146252345 0.0042337873 0.021510629
5.3 0.01999998 0.023935001 0.0053685936 0.019420791
5.34 0.01999998 0.02584924 0.0055290093 0.01749341
5.38 0.01999998 0.014205201 0.004112194 0.015732039
5.42 0.01999998 0.0137124555 0.003971626 0.014164591
5.46 0.01999998 0.010111606 0.003381824 0.0127839465
5.5 0.01999998 0.024863837 0.005318237 0.011506752
5.54 0.01999998 0.011306021 0.0035863437 0.010374418
5.58 0.01999998 0.012222493 0.0036972119 0.009344042
5.62 0.01999998 0.009085236 0.0032195246 0.008421596
5.66 0.01999998 0.0065053385 0.0026646368 0.007594337
5.7 0.01999998 0.015104041 0.0040501663 0.006857427
5.74 0.02000022 0.00851612 0.0030209287 0.00616809
5.78 0.01999998 0.007491878 0.002840689 0.005561404
5.82 0.01999998 0.004214115 0.0021140736 0.0050265533
5.86 0.01999998 0.0089592915 0.0029939776 0.0045359544
5.9 0.01999998 0.0052459887 0.0023533388 0.004078586
5.94 0.01999998 0.003157589 0.0018281499 0.0036842923
5.98 0.01999998 0.007398549 0.0028034872 0.003330127
6.02 0.01999998 0.0029584712 0.0017134174 0.0030037945
6.06 0.01999998 0.0009212958 0.0009212958 0.002705624
6.1 0.01999998 0.0019994203 0.0014185115 0.0024443234
6.14 0.01999998 0.0039645787 0.00198889 0.0022082573
6.18 0.01999998 0.0064731212 0.0024511132 0.0019946496
6.22 0.01999998 0.0029926246 0.0017326406 0.0017982125
6.26 0.02000022 0.0010407238 0.0010407238 0.001622707
6.3 0.01999998 0.0019057275 0.00135204 0.0014673291
6.34 0.01999998 0.0018821511 0.0013353134 0.0013274793
6.38 0.01999998 0.0008521475 0.0008521475 0.0011963267
6.42 0.01999998 0.0013989329 0.0013989329 0.0015197578
6.46 0.01999998 0.0009014456 0.0009014456 0.0010518216
6.5 0.01999998 0.00086193613 0.00086193613 0.0009131062
6.54 0.01999998 0.002795566 0.0016185495 0.0007978756
6.58 0.01999998 0 0 0.0007191835
6.62 0.01999998 0 0 0.0006516172
6.66 0.01999998 0.0008367915 0.0008367915 0.000589329
6.7 0.01999998 0 0 0.0005313285
6.74 0.02000022 0 0 0.00047993666
6.78 0.01999998 0.000843697 0.000843697 0.0004347202
6.82 0.01999998 0.0008426074 0.0008426074 0.00039346033
6.86 0.01999998 0 0 0.0003551035
6.9 0.01999998 0.00083728036 0.00083728036 0.00032056015
6.94 0.01999998 0 0 0.00029038018
6.98 0.01999998 0 0 0.0002631402
7.02 0.01999998 0 0 0.00023750885
7.06 0.01999998 0 0 0.00021431093
7.1 0.01999998 0 0 0.00019429773
7.14 0.01999998 0.00082316477 0.00082316477 0.00017620406
7.18 0.01999998 0 0 0.00016669382
7.22 0.01999998 0 0 0.00014351116
7.26 0.02000022 0 0 0.00013096821
7.3 0.01999998 0 0 0.00011810937
7.34 0.01999998 0 0 0.0001066713
7.38 0.01999998 0 0 0.000096309515
7.42 0.01999998 0 0 0.00008754387
7.46 0.01999998 0 0 0.00007919246
7.5 0.01999998 0 0 0.00007219885
7.54 0.01999998 0 0 0.00006470608
7.58 0.01999998 0 0 0.00005856236
7.62 0.01999998 0 0 0.000053180687
7.66 0.01999998 0 0 0.000048071557
7.7 0.01999998 0.0009346722 0.0009346722 0.000043392858
7.74 0.02000022 0 0 0.00003933436
7.78 0.01999998 0 0 0.000035746943
7.82 0.01999998 0 0 0.000032318494
7.86 0.01999998 0 0 0.00002918024
7.9 0.01999998 0 0 0.000026453947
7.94 0.01999998 0.00092679274 0.00092679274 0.000024053039
7.98 0.01999998 0 0 0.000021752221
8.02 0.01999998 0 0 0.000019644987
8.059999 0.01999998 0 0 0.000017805309
8.1 0.01999998 0 0 0.000016193897
8.139999 0.01999998 0 0 0.000014654373
8.18 0.01999998 0 0 0.000013238103
8.219999 0.01999998 0 0 0.000011991431
8.26 0.01999998 0 0 0.000010911126
8.299999 0.01999998 0 0 0.000009881327
8.34 0.01999998 0 0 0.000008925486
8.379999 0.01999998 0 0 0.000008083275
8.42 0.01999998 0 0 0.0000073716433
8.459999 0.01999998 0 0 0.0000066667535
8.5 0.020000458 0 0 0.000006022019
8.540001 0.01999998 0 0 0.0000054524075
8.58 0.01999998 0 0 0.0000049641762
8.620001 0.01999998 0 0 0.000004500202
8.66 0.01999998 0 0 0.0000040658047
8.700001 0.01999998 0 0 0.0000036814483
8.74 0.01999998 0 0 0.000003350621
8.780001 0.01999998 0 0 0.0000030394517
8.82 0.01999998 0 0 0.0000027471378
8.860001 0.01999998 0 0 0.0000024861145
8.9 0.01999998 0 0 0.0000022625716
8.940001 0.01999998 0 0 0.00000205409
8.98 0.01999998 0 0 0.0000018573351
9.02 0.01999998 0 0 0.0000016802466
9.059999 0.01999998 0 0 0.0000015284949
9.1 0.01999998 0 0 0.0000013889237
9.139999 0.01999998 0 0 0.000001256267
9.18 0.01999998 0 0 0.0000011362586
9.219999 0.01999998 0 0 0.0000010330797
9.26 0.01999998 0 0 9.395293E-7
9.299999 0.01999998 0 0 8.501005E-7
9.34 0.01999998 0 0 7.687428E-7
9.379999 0.01999998 0 0 6.985766E-7
9.42 0.01999998 0 0 6.3576056E-7
9.459999 0.01999998 0 0 5.754991E-7
9.5 0.020000458 0 0 5.2039536E-7
9.540001 0.01999998 0 0 4.7260335E-7
9.58 0.01999998 0 0 4.3037284E-7
9.620001 0.01999998 0 0 3.8980548E-7
9.66 0.01999998 0 0 3.524339E-7
9.700001 0.01999998 0 0 3.1991019E-7
9.74 0.01999998 0 0 2.9144442E-7
9.780001 0.01999998 0 0 2.6413755E-7
9.82 0.01999998 0 0 2.387976E-7
9.860001 0.01999998 0 0 2.1666298E-7
9.9 0.01999998 0 0 1.9743081E-7
9.940001 0.01999998 0 0 1.7903564E-7
9.98 0.01999998 0 0 1.6188014E-7
NO NO NO NO NO
1.98 0.01999998 1.1767219 0.016669348 NO
2.02 0.01999998 1.1082951 0.014696859 NO
2.06 0.01999998 1.0350631 0.013293242 NO
2.1 0.01999998 1.0058725 0.012549573 NO
2.1399999 0.0200001 1.0454226 0.012500794 NO
2.18 0.01999998 1.0434849 0.012290462 NO
2.22 0.01999998 1.0211163 0.012049589 NO
2.26 0.01999998 1.0434297 0.012146121 NO
2.3 0.01999998 1.0278616 0.012068497 NO
2.34 0.01999998 1.0135213 0.012041489 NO
2.38 0.0200001 0.9994806 0.012099 NO
2.42 0.01999998 0.98240715 0.01218352 NO
2.46 0.01999998 0.9709038 0.01239236 NO
2.5 0.01999998 0.9476155 0.012624072 NO
2.54 0.01999998 0.9504757 0.013142894 NO
2.58 0.01999998 0.9463973 0.013671624 NO
2.62 0.0200001 0.9425007 0.014228718 NO
2.66 0.01999998 0.9836912 0.015153034 NO
2.7 0.01999998 1.028743 0.01608584 NO
2.74 0.01999998 1.0366559 0.016705683 NO
2.78 0.01999998 1.0556506 0.017323295 NO
2.82 0.01999998 1.0636371 0.017829696 NO
2.8600001 0.0200001 1.0813197 0.01839756 NO
2.9 0.01999998 1.0851225 0.018817903 NO
2.94 0.01999998 1.0642862 0.019058347 NO
2.98 0.01999998 1.0479884 0.01936495 NO
3.02 0.01999998 1.0012553 0.019430308 NO
3.06 0.01999998 1.0196176 0.020167418 NO
3.1 0.01999998 1.0369524 0.021014068 NO
3.1399999 0.0200001 0.9513022 0.020832293 NO
3.18 0.01999998 0.9756307 0.021892928 NO
3.22 0.01999998 0.9290097 0.022173544 NO
3.26 0.01999998 0.9265662 0.023160886 NO
3.3 0.01999998 0.987366 0.02490614 NO
3.34 0.01999998 0.9465617 0.025372902 NO
3.38 0.0200001 0.95687556 0.026667496 NO
3.42 0.01999998 1.0112402 0.028515331 NO
3.46 0.01999998 0.9973102 0.0295444 NO
3.5 0.01999998 0.9230783 0.02949484 NO
3.54 0.01999998 0.94706404 0.031009719 NO
3.58 0.01999998 0.99053633 0.033072513 NO
3.62 0.0200001 0.96221066 0.033962335 NO
3.66 0.01999998 1.0586134 0.037069004 NO
3.7 0.01999998 0.9587431 0.036594544 NO
3.74 0.01999998 1.0824095 0.040726446 NO
3.78 0.01999998 1.0129715 0.040949207 NO
3.82 0.01999998 1.0483186 0.043375805 NO
3.8600001 0.0200001 0.9812197 0.043808393 NO
3.9 0.01999998 0.9692624 0.0455404 NO
3.94 0.01999998 0.9271667 0.04651332 NO
3.98 0.01999998 0.9474798 0.049420495 NO
4.02 0.01999998 1.0600638 0.05456242 NO
4.06 0.01999998 0.94947344 0.05428239 NO
4.1 0.01999998 0.87898576 0.054905903 NO
4.14 0.01999998 0.9323721 0.059519354 NO
4.18 0.01999998 0.8914659 0.06113611 NO
4.22 0.01999998 0.90264714 0.06404075 NO
4.26 0.02000022 0.9226802 0.06788092 NO
4.3 0.01999998 0.8254962 0.06718012 NO
4.34 0.01999998 0.95989925 0.07614099 NO
4.38 0.01999998 0.9921388 0.0810095 NO
4.42 0.01999998 0.98681504 0.084901944 NO
4.46 0.01999998 1.0965321 0.09365579 NO
4.5 0.01999998 1.1141698 0.099585354 NO
4.54 0.01999998 0.88354975 0.093422584 NO
4.58 0.01999998 1.0021838 0.10371022 NO
4.62 0.01999998 0.9576935 0.10739982 NO
4.66 0.01999998 0.86046445 0.10547484 NO
4.7 0.01999998 1.020965 0.12072494 NO
4.74 0.02000022 1.0397733 0.12745315 NO
4.78 0.01999998 1.2242954 0.14578196 NO
4.82 0.01999998 0.9401531 0.13474873 NO
4.86 0.01999998 1.472607 0.17534892 NO
4.9 0.01999998 1.2982715 0.17252934 NO
4.94 0.01999998 0.9185723 0.15360516 NO
4.98 0.01999998 1.2269032 0.18767692 NO
5.02 0.01999998 1.0839853 0.18641408 NO
5.06 0.01999998 1.0311859 0.18579897 NO
5.1 0.01999998 0.9368147 0.18798992 NO
5.14 0.01999998 1.1129557 0.21490498 NO
5.18 0.01999998 1.1405224 0.22885787 NO
5.22 0.01999998 0.9008889 0.21304862 NO
5.26 0.02000022 0.6799073 0.19682303 NO
5.3 0.01999998 1.232442 0.27643538 NO
5.34 0.01999998 1.4776559 0.31606242 NO
5.38 0.01999998 0.9029472 0.26138976 NO
5.42 0.01999998 0.96807986 0.28039116 NO
5.46 0.01999998 0.7909612 0.26453677 NO
5.5 0.01999998 2.1608043 0.46218407 NO
5.54 0.01999998 1.0897981 0.34569106 NO
5.58 0.01999998 1.308052 0.39567584 NO
5.62 0.01999998 1.0788022 0.38229388 NO
5.66 0.01999998 0.85660386 0.35087153 NO
5.7 0.01999998 2.2025814 0.5906248 NO
5.74 0.02000022 1.3806738 0.4897673 NO
5.78 0.01999998 1.3471199 0.51078635 NO
5.82 0.01999998 0.8383707 0.42058116 NO
5.86 0.01999998 1.9751722 0.66005456 NO
5.9 0.01999998 1.2862272 0.57699865 NO
5.94 0.01999998 0.8570408 0.4962011 NO
5.98 0.01999998 2.2217016 0.84185594 NO
6.02 0.01999998 0.9849114 0.57041764 NO
6.06 0.01999998 0.34051138 0.34051138 NO
6.1 0.01999998 0.81798524 0.5803289 NO
6.14 0.01999998 1.7953428 0.90066046 NO
6.18 0.01999998 3.2452424 1.228844 NO
6.22 0.01999998 1.6642219 0.9635349 NO
6.26 0.02000022 0.6413504 0.6413504 NO
6.3 0.01999998 1.298773 0.9214293 NO
6.34 0.01999998 1.4178385 1.0059016 NO
6.38 0.01999998 0.71230334 0.71230334 NO
6.42 0.01999998 0.92049724 0.92049724 NO
6.46 0.01999998 0.8570327 0.8570327 NO
6.5 0.01999998 0.9439604 0.9439604 NO
6.54 0.01999998 3.503762 2.0285738 NO
6.58 0.01999998 0 0 NO
6.62 0.01999998 0 0 NO
6.66 0.01999998 1.4199055 1.4199055 NO
6.7 0.01999998 0 0 NO
6.74 0.02000022 0 0 NO
6.78 0.01999998 1.9407817 1.9407817 NO
6.82 0.01999998 2.1415308 2.1415308 NO
6.86 0.01999998 0 0 NO
6.9 0.01999998 2.611929 2.611929 NO
6.94 0.01999998 0 0 NO
6.98 0.01999998 0 0 NO
7.02 0.01999998 0 0 NO
7.06 0.01999998 0 0 NO
7.1 0.01999998 0 0 NO
7.14 0.01999998 4.6716557 4.6716557 NO
7.18 0.01999998 0 0 NO
7.22 0.01999998 0 0 NO
7.26 0.02000022 0 0 NO
7.3 0.01999998 0 0 NO
7.34 0.01999998 0 0 NO
7.38 0.01999998 0 0 NO
7.42 0.01999998 0 0 NO
7.46 0.01999998 0 0 NO
7.5 0.01999998 0 0 NO
7.54 0.01999998 0 0 NO
7.58 0.01999998 0 0 NO
7.62 0.01999998 0 0 NO
7.66 0.01999998 0 0 NO
7.7 0.01999998 21.53977 21.53977 NO
7.74 0.02000022 0 0 NO
7.78 0.01999998 0 0 NO
7.82 0.01999998 0 0 NO
7.86 0.01999998 0 0 NO
7.9 0.01999998 0 0 NO
7.94 0.01999998 38.53121 38.53121 NO
7.98 0.01999998 0 0 NO
8.02 0.01999998 0 0 NO
8.059999 0.01999998 0 0 NO
8.1 0.01999998 0 0 NO
8.139999 0.01999998 0 0 NO
8.18 0.01999998 0 0 NO
8.219999 0.01999998 0 0 NO
8.26 0.01999998 0 0 NO
8.299999 0.01999998 0 0 NO
8.34 0.01999998 0 0 NO
8.379999 0.01999998 0 0 NO
8.42 0.01999998 0 0 NO
8.459999 0.01999998 0 0 NO
8.5 0.020000458 0 0 NO
8.540001 0.01999998 0 0 NO
8.58 0.01999998 0 0 NO
8.620001 0.01999998 0 0 NO
8.66 0.01999998 0 0 NO
8.700001 0.01999998 0 0 NO
8.74 0.01999998 0 0 NO
8.780001 0.01999998 0 0 NO
8.82 0.01999998 0 0 NO
8.860001 0.01999998 0 0 NO
8.9 0.01999998 0 0 NO
8.940001 0.01999998 0 0 NO
8.98 0.01999998 0 0 NO
9.02 0.01999998 0 0 NO
9.059999 0.01999998 0 0 NO
9.1 0.01999998 0 0 NO
9.139999 0.01999998 0 0 NO
9.18 0.01999998 0 0 NO
9.219999 0.01999998 0 0 NO
9.26 0.01999998 0 0 NO
9.299999 0.01999998 0 0 NO
9.34 0.01999998 0 0 NO
9.379999 0.01999998 0 0 NO
9.42 0.01999998 0 0 NO
9.459999 0.01999998 0 0 NO
9.5 0.020000458 0 0 NO
9.540001 0.01999998 0 0 NO
9.58 0.01999998 0 0 NO
9.620001 0.01999998 0 0 NO
9.66 0.01999998 0 0 NO
9.700001 0.01999998 0 0 NO
9.74 0.01999998 0 0 NO
9.780001 0.01999998 0 0 NO
9.82 0.01999998 0 0 NO
9.860001 0.01999998 0 0 NO
9.9 0.01999998 0 0 NO
9.940001 0.01999998 0 0 NO
9.98 0.01999998 0 0 NO
