READ SERR 1 2
@xspec/mod_apec1fit_fpmb_cstat.pco
!
1.98 0.01999998 1090.0802 23.553135 976.0906
2.02 0.01999998 1245.8059 25.17936 1184.4985
2.06 0.01999998 1379.1396 26.49254 1340.1638
2.1 0.01999998 1472.7787 27.37715 1461.1257
2.1399999 0.0200001 1594.3982 28.485023 1540.3303
2.18 0.01999998 1641.7361 28.904879 1583.981
2.22 0.01999998 1654.4587 29.016663 1617.0125
2.26 0.01999998 1716.0366 29.55172 1630.9425
2.3 0.01999998 1684.4843 29.27878 1633.2273
2.34 0.01999998 1585.2473 28.403248 1624.6456
2.38 0.0200001 1521.6248 27.827358 1593.3086
2.42 0.01999998 1487.537 27.513977 1544.4584
2.46 0.01999998 1401.0227 26.701895 1478.361
2.5 0.01999998 1273.7958 25.460646 1397.5948
2.54 0.01999998 1209.6735 24.811531 1292.7744
2.58 0.01999998 1101.785 23.679249 1192.8693
2.62 0.0200001 994.9085 22.501411 1101.777
2.66 0.01999998 1018.83307 22.770418 1008.1234
2.7 0.01999998 991.861 22.46699 936.75543
2.74 0.01999998 919.5961 21.633064 875.0033
2.78 0.01999998 907.3823 21.488922 833.39825
2.82 0.01999998 833.0818 20.59033 796.8756
2.8600001 0.0200001 799.99805 20.177282 763.82556
2.9 0.01999998 791.8603 20.074455 735.06726
2.94 0.01999998 746.5675 19.491894 703.3571
2.98 0.01999998 703.31036 18.918774 673.45953
3.02 0.01999998 657.50867 18.292381 640.01154
3.06 0.01999998 630.02765 17.906029 607.2476
3.1 0.01999998 583.71704 17.235373 571.16705
3.1399999 0.0200001 502.28885 15.98803 535.6049
3.18 0.01999998 478.37317 15.602813 498.56036
3.22 0.01999998 433.0804 14.845805 462.3811
3.26 0.01999998 387.27872 14.038842 424.34912
3.3 0.01999998 385.75198 14.011144 390.10608
3.34 0.01999998 351.65518 13.377594 361.76648
3.38 0.0200001 313.99414 12.640928 330.92938
3.42 0.01999998 318.57617 12.732865 306.7048
3.46 0.01999998 275.82794 11.847825 282.9166
3.5 0.01999998 253.436 11.356739 261.611
3.54 0.01999998 249.36475 11.265151 243.18602
3.58 0.01999998 226.97281 10.747474 224.91223
3.62 0.0200001 197.9639 10.037168 208.72885
3.66 0.01999998 210.17886 10.342225 193.08582
3.7 0.01999998 187.78693 9.775797 178.81723
3.74 0.01999998 167.93953 9.244766 165.16301
3.78 0.01999998 153.69011 8.843872 153.18091
3.82 0.01999998 149.10994 8.711096 141.26233
3.8600001 0.0200001 125.19054 7.981857 130.47073
3.9 0.01999998 113.486404 7.5996118 119.80436
3.94 0.01999998 104.83498 7.3041987 109.39895
3.98 0.01999998 92.11228 6.846652 99.74002
4.02 0.01999998 104.326065 7.2864485 90.84308
4.06 0.01999998 81.93413 6.457314 82.48329
4.1 0.01999998 66.6669 5.824714 74.85897
4.14 0.01999998 58.015472 5.4336467 68.28646
4.18 0.01999998 48.346226 4.960218 62.072216
4.22 0.01999998 54.962025 5.2887235 56.40355
4.26 0.02000022 50.381256 5.0635066 51.648624
4.3 0.01999998 44.274963 4.7467747 47.040867
4.34 0.01999998 43.25715 4.6918964 42.95205
4.38 0.01999998 42.74824 4.6642156 39.17506
4.42 0.01999998 36.132442 4.288132 35.67098
4.46 0.01999998 38.67698 4.436554 32.576904
4.5 0.01999998 30.534458 3.9419816 29.626505
4.54 0.01999998 18.320675 3.0534458 27.047668
4.58 0.01999998 23.409752 3.4515796 24.596235
4.62 0.01999998 15.776137 2.8334777 22.321568
4.66 0.01999998 18.320675 3.0534458 20.39541
4.7 0.01999998 19.33849 3.1371174 18.508812
4.74 0.02000022 19.33826 3.13708 16.880539
4.78 0.01999998 18.320675 3.0534458 15.350342
4.82 0.01999998 11.704876 2.4406352 13.922581
4.86 0.01999998 20.865213 3.2585988 12.67606
4.9 0.01999998 17.30286 2.967416 11.552543
4.94 0.01999998 9.160337 2.1591122 10.465444
4.98 0.01999998 8.65143 2.09828 9.552356
5.02 0.01999998 5.597984 1.6878557 8.660244
5.06 0.01999998 10.178153 2.2759042 7.879109
5.1 0.01999998 6.6157994 1.8348926 7.1719694
5.14 0.01999998 7.124707 1.904158 6.522306
5.18 0.01999998 6.1068916 1.7629077 5.929067
5.22 0.01999998 4.5801687 1.5267229 5.407223
5.26 0.02000022 2.0356064 1.0178032 4.889145
5.3 0.01999998 4.071261 1.4394082 4.4701996
5.34 0.01999998 5.0890765 1.6093073 4.0651217
5.38 0.01999998 2.0356305 1.0178152 3.7048063
5.42 0.01999998 3.0534458 1.246564 3.3711529
5.46 0.01999998 2.5445383 1.1379521 3.07898
5.5 0.01999998 5.0890765 1.6093073 2.803671
5.54 0.01999998 2.0356305 1.0178152 2.5469918
5.58 0.01999998 2.5445383 1.1379521 2.316761
5.62 0.01999998 1.0178152 0.7197041 2.1161895
5.66 0.01999998 1.5267229 0.8814539 1.9171208
5.7 0.01999998 3.5623536 1.346443 1.7424028
5.74 0.02000022 2.0356064 1.0178032 1.5926447
5.78 0.01999998 1.5267229 0.8814539 1.4491913
5.82 0.01999998 1.0178152 0.7197041 1.3131655
5.86 0.01999998 3.5623536 1.346443 1.2003886
5.9 0.01999998 1.0178152 0.7197041 1.0935915
5.94 0.01999998 0.5089076 0.5089076 0.9947175
5.98 0.01999998 1.0178152 0.7197041 0.89985317
6.02 0.01999998 1.0178152 0.7197041 0.8222604
6.06 0.01999998 0.5089076 0.5089076 0.74842954
6.1 0.01999998 0.5089076 0.5089076 0.67672205
6.14 0.01999998 1.0178152 0.7197041 0.62288547
6.18 0.01999998 3.0534458 1.246564 0.5634257
6.22 0.01999998 0.5089076 0.5089076 0.5146888
6.26 0.02000022 0 0 0.47181824
6.3 0.01999998 0.5089076 0.5089076 0.43137616
6.34 0.01999998 0.5089076 0.5089076 0.3940216
6.38 0.01999998 0.5089076 0.5089076 0.360759
6.42 0.01999998 0 0 0.3299084
6.46 0.01999998 0.5089076 0.5089076 0.30174103
6.5 0.01999998 0.5089076 0.5089076 0.2730692
6.54 0.01999998 0.5089076 0.5089076 0.24801756
6.58 0.01999998 0 0 0.22287166
6.62 0.01999998 0 0 0.20160693
6.66 0.01999998 0.5089076 0.5089076 0.18202001
6.7 0.01999998 0 0 0.1641753
6.74 0.02000022 0 0 0.1485158
6.78 0.01999998 0.5089076 0.5089076 0.13356252
6.82 0.01999998 0.5089076 0.5089076 0.12123004
6.86 0.01999998 0 0 0.10972583
6.9 0.01999998 0.5089076 0.5089076 0.099504106
6.94 0.01999998 0 0 0.09013963
6.98 0.01999998 0 0 0.08197265
7.02 0.01999998 0 0 0.074360505
7.06 0.01999998 0 0 0.06777887
7.1 0.01999998 0 0 0.061408114
7.14 0.01999998 0.5089076 0.5089076 0.055764783
7.18 0.01999998 0 0 0.050526123
7.22 0.01999998 0 0 0.04590609
7.26 0.02000022 0 0 0.041683458
7.3 0.01999998 0 0 0.03785742
7.34 0.01999998 0 0 0.034392048
7.38 0.01999998 0 0 0.031233672
7.42 0.01999998 0 0 0.028263384
7.46 0.01999998 0 0 0.02572866
7.5 0.01999998 0 0 0.023315746
7.54 0.01999998 0 0 0.021112897
7.58 0.01999998 0 0 0.019190958
7.62 0.01999998 0 0 0.017463673
7.66 0.01999998 0 0 0.015795248
7.7 0.01999998 0 0 0.01436196
7.74 0.02000022 0 0 0.012999948
7.78 0.01999998 0 0 0.01180886
7.82 0.01999998 0 0 0.010766398
7.86 0.01999998 0 0 0.009775446
7.9 0.01999998 0 0 0.0088514965
7.94 0.01999998 0 0 0.008054516
7.98 0.01999998 0 0 0.0073233508
8.02 0.01999998 0 0 0.00662158
8.059999 0.01999998 0 0 0.0060165427
8.1 0.01999998 0 0 0.005484353
8.139999 0.01999998 0 0 0.0049691247
8.18 0.01999998 0 0 0.00450936
8.219999 0.01999998 0 0 0.004108254
8.26 0.01999998 0 0 0.00372398
8.299999 0.01999998 0 0 0.0033878305
8.34 0.01999998 0 0 0.0030729044
8.379999 0.01999998 0 0 0.0027990048
8.42 0.01999998 0 0 0.0025428021
8.459999 0.01999998 0 0 0.0023011754
8.5 0.020000458 0 0 0.0020977198
8.540001 0.01999998 0 0 0.0018988278
8.58 0.01999998 0 0 0.0017238117
8.620001 0.01999998 0 0 0.0015672949
8.66 0.01999998 0 0 0.0014215924
8.700001 0.01999998 0 0 0.001293407
8.74 0.01999998 0 0 0.0011720824
8.780001 0.01999998 0 0 0.0010635967
8.82 0.01999998 0 0 0.0009668429
8.860001 0.01999998 0 0 0.00087850075
8.9 0.01999998 0 0 0.0007992806
8.940001 0.01999998 0 0 0.00072806305
8.98 0.01999998 0 0 0.0006598027
9.02 0.01999998 0 0 0.00059649325
9.059999 0.01999998 0 0 0.0005411043
9.1 0.01999998 0 0 0.0004926903
9.139999 0.01999998 0 0 0.00044809107
9.18 0.01999998 0 0 0.0004067041
9.219999 0.01999998 0 0 0.00036824268
9.26 0.01999998 0 0 0.00033601574
9.299999 0.01999998 0 0 0.0003033287
9.34 0.01999998 0 0 0.0002759619
9.379999 0.01999998 0 0 0.00024964107
9.42 0.01999998 0 0 0.00022719798
9.459999 0.01999998 0 0 0.00020685133
9.5 0.020000458 0 0 0.00018798145
9.540001 0.01999998 0 0 0.00016969042
9.58 0.01999998 0 0 0.00015387771
9.620001 0.01999998 0 0 0.00013973452
9.66 0.01999998 0 0 0.00012667727
9.700001 0.01999998 0 0 0.00011460853
9.74 0.01999998 0 0 0.00010409894
9.780001 0.01999998 0 0 0.00009403997
9.82 0.01999998 0 0 0.000085497966
9.860001 0.01999998 0 0 0.00007691604
9.9 0.01999998 0 0 0.000069458576
9.940001 0.01999998 0 0 0.00006263299
9.98 0.01999998 0 0 0.000056584588
NO NO NO NO NO
1.98 0.01999998 240.72978 5.201398 215.55669
2.02 0.01999998 224.58063 4.539067 213.5288
2.06 0.01999998 160.85242 3.0898895 156.30656
2.1 0.01999998 146.22397 2.7181244 145.06702
2.1399999 0.0200001 285.894 5.1076937 276.19904
2.18 0.01999998 304.9824 5.3696084 294.25336
2.22 0.01999998 157.83388 2.7681634 154.26154
2.26 0.01999998 114.310165 1.9685256 108.64181
2.3 0.01999998 140.61627 2.4441147 136.33746
2.34 0.01999998 86.120476 1.5430408 88.26083
2.38 0.0200001 74.18202 1.3566351 77.676735
2.42 0.01999998 154.40968 2.8560126 160.31825
2.46 0.01999998 176.84662 3.3704946 186.60878
2.5 0.01999998 41.909786 0.8376933 45.98296
2.54 0.01999998 37.839794 0.7761294 40.439274
2.58 0.01999998 33.453426 0.7189715 36.21901
2.62 0.0200001 29.105223 0.6582601 32.231575
2.66 0.01999998 28.937922 0.6467483 28.633734
2.7 0.01999998 26.863646 0.60849786 25.371162
2.74 0.01999998 23.805662 0.56001693 22.651283
2.78 0.01999998 22.23768 0.52664 20.424517
2.82 0.01999998 26.96032 0.6663474 25.78861
2.8600001 0.0200001 16.929443 0.42698872 16.163967
2.9 0.01999998 18.64721 0.4727255 17.30981
2.94 0.01999998 15.878718 0.41457242 14.959679
2.98 0.01999998 12.665461 0.34069595 12.127897
3.02 0.01999998 12.603775 0.3506464 12.2683735
3.06 0.01999998 9.671246 0.27486667 9.32156
3.1 0.01999998 12.258713 0.36196217 11.995149
3.1399999 0.0200001 9.739729 0.310019 10.385751
3.18 0.01999998 6.4001994 0.20875148 6.6702857
3.22 0.01999998 5.4358554 0.18633872 5.803626
3.26 0.01999998 4.785399 0.17347057 5.2434583
3.3 0.01999998 4.632949 0.16827628 4.685242
3.34 0.01999998 4.062025 0.15452671 4.178822
3.38 0.0200001 3.5490623 0.14287987 3.7404804
3.42 0.01999998 3.484278 0.13925976 3.3544405
3.46 0.01999998 2.9183478 0.12535377 2.9933481
3.5 0.01999998 2.5957856 0.11631994 2.679517
3.54 0.01999998 2.4620445 0.11122384 2.4010403
3.58 0.01999998 2.185646 0.10349334 2.1658037
3.62 0.0200001 2.0305812 0.10295455 2.141001
3.66 0.01999998 1.8826697 0.09264012 1.7295594
3.7 0.01999998 1.6576986 0.08629635 1.5785183
3.74 0.01999998 1.4226364 0.07831356 1.3991162
3.78 0.01999998 1.3462559 0.07746832 1.3417954
3.82 0.01999998 1.2248832 0.07155844 1.160418
3.8600001 0.0200001 1.2754539 0.08131997 1.3292493
3.9 0.01999998 0.990519 0.06633006 1.0456626
3.94 0.01999998 0.76874214 0.053560805 0.80220926
3.98 0.01999998 0.6651061 0.04943695 0.72018296
4.02 0.01999998 0.74371076 0.05194301 0.64759433
4.06 0.01999998 0.5766386 0.045445487 0.58050346
4.1 0.01999998 0.46211416 0.0403751 0.518899
4.14 0.01999998 0.39591688 0.03708101 0.46600953
4.18 0.01999998 0.32688448 0.033537637 0.4196903
4.22 0.01999998 0.36654282 0.035270598 0.37615636
4.26 0.02000022 0.32962728 0.03312879 0.33791924
4.3 0.01999998 0.2855841 0.03061783 0.30342484
4.34 0.01999998 0.27488145 0.02981508 0.27294266
4.38 0.01999998 0.26751253 0.02918801 0.24515206
4.42 0.01999998 0.22319593 0.026488483 0.22034538
4.46 0.01999998 0.23515302 0.026973901 0.19806503
4.5 0.01999998 0.19624461 0.02533507 0.1904092
4.54 0.01999998 0.10870333 0.018117221 0.1604838
4.58 0.01999998 0.13771524 0.020305002 0.1446951
4.62 0.01999998 0.09121765 0.016383175 0.12906335
4.66 0.01999998 0.10466584 0.017444307 0.11651878
4.7 0.01999998 0.109483324 0.017760541 0.104786165
4.74 0.02000022 0.11236863 0.018228598 0.09808758
4.78 0.01999998 0.10133252 0.016888754 0.08490347
4.82 0.01999998 0.06563566 0.013685982 0.07807155
4.86 0.01999998 0.11370446 0.017757652 0.06907787
4.9 0.01999998 0.092650145 0.015889369 0.061859414
4.94 0.01999998 0.048813596 0.011505475 0.055768244
4.98 0.01999998 0.045494515 0.011034041 0.05023214
5.02 0.01999998 0.029233493 0.00881423 0.04522506
5.06 0.01999998 0.05268725 0.011781227 0.04078624
5.1 0.01999998 0.033837993 0.00938497 0.03668265
5.14 0.01999998 0.03616032 0.009664252 0.03310293
5.18 0.01999998 0.03076384 0.008880756 0.029868038
5.22 0.01999998 0.022799412 0.0075998036 0.026916368
5.26 0.02000022 0.010082628 0.005041314 0.024216583
5.3 0.01999998 0.019935513 0.0070482683 0.021888973
5.34 0.01999998 0.024718372 0.007816636 0.019744879
5.38 0.01999998 0.009775791 0.0048878957 0.01779174
5.42 0.01999998 0.014524307 0.0059295236 0.016035542
5.46 0.01999998 0.011975668 0.0053556818 0.014490976
5.5 0.01999998 0.023719635 0.007500807 0.013067607
5.54 0.01999998 0.009428381 0.0047141905 0.011796841
5.58 0.01999998 0.011680185 0.0052235373 0.01063462
5.62 0.01999998 0.0046178834 0.0032653366 0.009601267
5.66 0.01999998 0.006905067 0.003986642 0.008670759
5.7 0.01999998 0.016021708 0.0060556363 0.007836468
5.74 0.02000022 0.009020938 0.004510469 0.0070579215
5.78 0.01999998 0.006714706 0.003876737 0.006373713
5.82 0.01999998 0.0044690478 0.003160094 0.005765879
5.86 0.01999998 0.0154600125 0.0058433353 0.0052094837
5.9 0.01999998 0.004365824 0.0030871038 0.004690859
5.94 0.01999998 0.002169842 0.002169842 0.004241201
5.98 0.01999998 0.0043406337 0.0030692914 0.0038375657
6.02 0.01999998 0.0042911335 0.0030342895 0.0034666692
6.06 0.01999998 0.0021250665 0.0021250665 0.003125248
6.1 0.01999998 0.0021250232 0.0021250232 0.0028257584
6.14 0.01999998 0.0041772905 0.0029537904 0.00255643
6.18 0.01999998 0.012528287 0.005114652 0.0023117354
6.22 0.01999998 0.0020618953 0.0020618953 0.0020853183
6.26 0.02000022 0 0 0.0018839268
6.3 0.01999998 0.0020122172 0.0020122172 0.0017056584
6.34 0.01999998 0.0019944434 0.0019944434 0.0015441972
6.38 0.01999998 0.0019647768 0.0019647768 0.0013928086
6.42 0.01999998 0 0 0.001783216
6.46 0.01999998 0.002074389 0.002074389 0.0012299448
6.5 0.01999998 0.001989121 0.001989121 0.0010673208
6.54 0.01999998 0.0019134128 0.0019134128 0.00093250704
6.58 0.01999998 0 0 0.0008411096
6.62 0.01999998 0 0 0.0007626378
6.66 0.01999998 0.0019304558 0.0019304558 0.0006904624
6.7 0.01999998 0 0 0.00062298495
6.74 0.02000022 0 0 0.00056301925
6.78 0.01999998 0.0019449866 0.0019449866 0.00051046064
6.82 0.01999998 0.0019412808 0.0019412808 0.00046244453
6.86 0.01999998 0 0 0.00041755848
6.9 0.01999998 0.0019291256 0.0019291256 0.00037719207
6.94 0.01999998 0 0 0.00034200738
6.98 0.01999998 0 0 0.00031012113
7.02 0.01999998 0 0 0.00028005842
7.06 0.01999998 0 0 0.00025289945
7.1 0.01999998 0 0 0.00022944351
7.14 0.01999998 0.0018999298 0.0018999298 0.0002081894
7.18 0.01999998 0 0 0.00019713312
7.22 0.01999998 0 0 0.00016978211
7.26 0.02000022 0 0 0.00015503677
7.3 0.01999998 0 0 0.00013989938
7.34 0.01999998 0 0 0.00012643104
7.38 0.01999998 0 0 0.00011419169
7.42 0.01999998 0 0 0.00010385986
7.46 0.01999998 0 0 0.00009401802
7.5 0.01999998 0 0 0.00008576333
7.54 0.01999998 0 0 0.00007688327
7.58 0.01999998 0 0 0.00006962636
7.62 0.01999998 0 0 0.00006326439
7.66 0.01999998 0 0 0.000057205318
7.7 0.01999998 0 0 0.000051662515
7.74 0.02000022 0 0 0.000046856003
7.78 0.01999998 0 0 0.00004260038
7.82 0.01999998 0 0 0.00003853103
7.86 0.01999998 0 0 0.000034805336
7.9 0.01999998 0 0 0.000031565538
7.94 0.01999998 0 0 0.000028713386
7.98 0.01999998 0 0 0.000025978641
8.02 0.01999998 0 0 0.000023469951
8.059999 0.01999998 0 0 0.00002127882
8.1 0.01999998 0 0 0.000019362848
8.139999 0.01999998 0 0 0.00001752874
8.18 0.01999998 0 0 0.000015838397
8.219999 0.01999998 0 0 0.000014352307
8.26 0.01999998 0 0 0.000013065278
8.299999 0.01999998 0 0 0.00001183545
8.34 0.01999998 0 0 0.0000106934685
8.379999 0.01999998 0 0 0.0000096879785
8.42 0.01999998 0 0 0.000008838414
8.459999 0.01999998 0 0 0.000007995243
8.5 0.020000458 0 0 0.0000072242456
8.540001 0.01999998 0 0 0.0000065428753
8.58 0.01999998 0 0 0.0000059587037
8.620001 0.01999998 0 0 0.000005403463
8.66 0.01999998 0 0 0.0000048831744
8.700001 0.01999998 0 0 0.00000442249
8.74 0.01999998 0 0 0.0000040263203
8.780001 0.01999998 0 0 0.0000036534886
8.82 0.01999998 0 0 0.00000330281
8.860001 0.01999998 0 0 0.0000029895737
8.9 0.01999998 0 0 0.0000027216186
8.940001 0.01999998 0 0 0.0000024714768
8.98 0.01999998 0 0 0.000002235099
9.02 0.01999998 0 0 0.0000020224516
9.059999 0.01999998 0 0 0.0000018402903
9.1 0.01999998 0 0 0.0000016725828
9.139999 0.01999998 0 0 0.000001513123
9.18 0.01999998 0 0 0.000001368856
9.219999 0.01999998 0 0 0.0000012448213
9.26 0.01999998 0 0 0.0000011323227
9.299999 0.01999998 0 0 0.0000010247431
9.34 0.01999998 0 0 9.2683047E-7
9.379999 0.01999998 0 0 8.423755E-7
9.42 0.01999998 0 0 7.667999E-7
9.459999 0.01999998 0 0 6.9423794E-7
9.5 0.020000458 0 0 6.2784164E-7
9.540001 0.01999998 0 0 5.702856E-7
9.58 0.01999998 0 0 5.1943215E-7
9.620001 0.01999998 0 0 4.705358E-7
9.66 0.01999998 0 0 4.2547626E-7
9.700001 0.01999998 0 0 3.862778E-7
9.74 0.01999998 0 0 3.5197044E-7
9.780001 0.01999998 0 0 3.1902937E-7
9.82 0.01999998 0 0 2.884621E-7
9.860001 0.01999998 0 0 2.617631E-7
9.9 0.01999998 0 0 2.385609E-7
9.940001 0.01999998 0 0 2.1636261E-7
9.98 0.01999998 0 0 1.956538E-7
NO NO NO NO NO
1.98 0.01999998 1.1167818 0.02413007 NO
2.02 0.01999998 1.051758 0.0212574 NO
2.06 0.01999998 1.0290829 0.019768136 NO
2.1 0.01999998 1.0079753 0.018737026 NO
2.1399999 0.0200001 1.0351014 0.018492801 NO
2.18 0.01999998 1.036462 0.018248249 NO
2.22 0.01999998 1.0231577 0.017944613 NO
2.26 0.01999998 1.0521748 0.018119412 NO
2.3 0.01999998 1.0313839 0.017926948 NO
2.34 0.01999998 0.9757496 0.017482733 NO
2.38 0.0200001 0.95500946 0.01746514 NO
2.42 0.01999998 0.9631448 0.017814644 NO
2.46 0.01999998 0.9476865 0.018061822 NO
2.5 0.01999998 0.9114199 0.018217472 NO
2.54 0.01999998 0.9357189 0.019192467 NO
2.58 0.01999998 0.92364275 0.019850666 NO
2.62 0.0200001 0.9030035 0.020422837 NO
2.66 0.01999998 1.0106235 0.022586936 NO
2.7 0.01999998 1.058826 0.023983838 NO
2.74 0.01999998 1.050963 0.024723409 NO
2.78 0.01999998 1.088774 0.025784697 NO
2.82 0.01999998 1.0454352 0.025838826 NO
2.8600001 0.0200001 1.047357 0.026416086 NO
2.9 0.01999998 1.0772624 0.027309686 NO
2.94 0.01999998 1.0614345 0.027712656 NO
2.98 0.01999998 1.0443246 0.028091924 NO
3.02 0.01999998 1.0273387 0.028581329 NO
3.06 0.01999998 1.0375136 0.029487196 NO
3.1 0.01999998 1.0219725 0.030175712 NO
3.1399999 0.0200001 0.9377973 0.029850418 NO
3.18 0.01999998 0.9595091 0.031295735 NO
3.22 0.01999998 0.93663085 0.03210729 NO
3.26 0.01999998 0.9126417 0.033083238 NO
3.3 0.01999998 0.98883873 0.03591624 NO
3.34 0.01999998 0.9720502 0.03697853 NO
3.38 0.0200001 0.94882524 0.038198266 NO
3.42 0.01999998 1.0387062 0.04151505 NO
3.46 0.01999998 0.97494435 0.041877445 NO
3.5 0.01999998 0.9687513 0.043410785 NO
3.54 0.01999998 1.0254074 0.046323184 NO
3.58 0.01999998 1.0091617 0.047785193 NO
3.62 0.0200001 0.9484261 0.048087113 NO
3.66 0.01999998 1.0885255 0.053562842 NO
3.7 0.01999998 1.0501612 0.05466921 NO
3.74 0.01999998 1.0168108 0.055973593 NO
3.78 0.01999998 1.0033243 0.05773482 NO
3.82 0.01999998 1.0555534 0.061666086 NO
3.8600001 0.0200001 0.9595296 0.061177373 NO
3.9 0.01999998 0.9472644 0.06343351 NO
3.94 0.01999998 0.95828134 0.06676663 NO
3.98 0.01999998 0.92352384 0.068644986 NO
4.02 0.01999998 1.1484207 0.08020918 NO
4.06 0.01999998 0.99334216 0.07828633 NO
4.1 0.01999998 0.89056665 0.07780917 NO
4.14 0.01999998 0.84958965 0.07957136 NO
4.18 0.01999998 0.77887064 0.07991044 NO
4.22 0.01999998 0.97444266 0.09376579 NO
4.26 0.02000022 0.9754617 0.09803759 NO
4.3 0.01999998 0.9412021 0.10090746 NO
4.34 0.01999998 1.0071033 0.10923569 NO
4.38 0.01999998 1.0912106 0.119060844 NO
4.42 0.01999998 1.0129367 0.12021347 NO
4.46 0.01999998 1.1872516 0.13618709 NO
4.5 0.01999998 1.0306467 0.13305591 NO
4.54 0.01999998 0.67734766 0.11289128 NO
4.58 0.01999998 0.95176154 0.14032958 NO
4.62 0.01999998 0.7067665 0.12693901 NO
4.66 0.01999998 0.8982744 0.1497124 NO
4.7 0.01999998 1.0448261 0.16949318 NO
4.74 0.02000022 1.1455948 0.18584003 NO
4.78 0.01999998 1.1935028 0.19891712 NO
4.82 0.01999998 0.8407116 0.1753005 NO
4.86 0.01999998 1.646033 0.25706717 NO
4.9 0.01999998 1.4977534 0.25686258 NO
4.94 0.01999998 0.87529373 0.20630872 NO
4.98 0.01999998 0.9056854 0.21966098 NO
5.02 0.01999998 0.6464003 0.19489701 NO
5.06 0.01999998 1.2917898 0.288853 NO
5.1 0.01999998 0.9224522 0.2558422 NO
5.14 0.01999998 1.0923601 0.29194552 NO
5.18 0.01999998 1.029992 0.2973331 NO
5.22 0.01999998 0.8470464 0.28234878 NO
5.26 0.02000022 0.4163522 0.2081761 NO
5.3 0.01999998 0.910756 0.32200086 NO
5.34 0.01999998 1.2518878 0.39588168 NO
5.38 0.01999998 0.54945666 0.27472833 NO
5.42 0.01999998 0.9057572 0.36977383 NO
5.46 0.01999998 0.82642245 0.36958736 NO
5.5 0.01999998 1.8151475 0.57400006 NO
5.54 0.01999998 0.79922926 0.39961463 NO
5.58 0.01999998 1.098317 0.49118233 NO
5.62 0.01999998 0.48096606 0.34009436 NO
5.66 0.01999998 0.7963624 0.45978004 NO
5.7 0.01999998 2.0445063 0.77275074 NO
5.74 0.02000022 1.2781296 0.6390648 NO
5.78 0.01999998 1.0534998 0.60823846 NO
5.82 0.01999998 0.7750853 0.54806805 NO
5.86 0.01999998 2.9676669 1.1216726 NO
5.9 0.01999998 0.9307088 0.65811056 NO
5.94 0.01999998 0.5116102 0.5116102 NO
5.98 0.01999998 1.1310904 0.7998017 NO
6.02 0.01999998 1.237826 0.8752752 NO
6.06 0.01999998 0.67996734 0.67996734 NO
6.1 0.01999998 0.7520187 0.7520187 NO
6.14 0.01999998 1.6340327 1.1554357 NO
6.18 0.01999998 5.41943 2.212473 NO
6.22 0.01999998 0.98876774 0.98876774 NO
6.26 0.02000022 0 0 NO
6.3 0.01999998 1.1797305 1.1797305 NO
6.34 0.01999998 1.2915729 1.2915729 NO
6.38 0.01999998 1.4106582 1.4106582 NO
6.42 0.01999998 0 0 NO
6.46 0.01999998 1.6865709 1.6865709 NO
6.5 0.01999998 1.8636581 1.8636581 NO
6.54 0.01999998 2.0519016 2.0519016 NO
6.58 0.01999998 0 0 NO
6.62 0.01999998 0 0 NO
6.66 0.01999998 2.7958884 2.7958884 NO
6.7 0.01999998 0 0 NO
6.74 0.02000022 0 0 NO
6.78 0.01999998 3.8102577 3.8102577 NO
6.82 0.01999998 4.1978674 4.1978674 NO
6.86 0.01999998 0 0 NO
6.9 0.01999998 5.1144385 5.1144385 NO
6.94 0.01999998 0 0 NO
6.98 0.01999998 0 0 NO
7.02 0.01999998 0 0 NO
7.06 0.01999998 0 0 NO
7.1 0.01999998 0 0 NO
7.14 0.01999998 9.125968 9.125968 NO
7.18 0.01999998 0 0 NO
7.22 0.01999998 0 0 NO
7.26 0.02000022 0 0 NO
7.3 0.01999998 0 0 NO
7.34 0.01999998 0 0 NO
7.38 0.01999998 0 0 NO
7.42 0.01999998 0 0 NO
7.46 0.01999998 0 0 NO
7.5 0.01999998 0 0 NO
7.54 0.01999998 0 0 NO
7.58 0.01999998 0 0 NO
7.62 0.01999998 0 0 NO
7.66 0.01999998 0 0 NO
7.7 0.01999998 0 0 NO
7.74 0.02000022 0 0 NO
7.78 0.01999998 0 0 NO
7.82 0.01999998 0 0 NO
7.86 0.01999998 0 0 NO
7.9 0.01999998 0 0 NO
7.94 0.01999998 0 0 NO
7.98 0.01999998 0 0 NO
8.02 0.01999998 0 0 NO
8.059999 0.01999998 0 0 NO
8.1 0.01999998 0 0 NO
8.139999 0.01999998 0 0 NO
8.18 0.01999998 0 0 NO
8.219999 0.01999998 0 0 NO
8.26 0.01999998 0 0 NO
8.299999 0.01999998 0 0 NO
8.34 0.01999998 0 0 NO
8.379999 0.01999998 0 0 NO
8.42 0.01999998 0 0 NO
8.459999 0.01999998 0 0 NO
8.5 0.020000458 0 0 NO
8.540001 0.01999998 0 0 NO
8.58 0.01999998 0 0 NO
8.620001 0.01999998 0 0 NO
8.66 0.01999998 0 0 NO
8.700001 0.01999998 0 0 NO
8.74 0.01999998 0 0 NO
8.780001 0.01999998 0 0 NO
8.82 0.01999998 0 0 NO
8.860001 0.01999998 0 0 NO
8.9 0.01999998 0 0 NO
8.940001 0.01999998 0 0 NO
8.98 0.01999998 0 0 NO
9.02 0.01999998 0 0 NO
9.059999 0.01999998 0 0 NO
9.1 0.01999998 0 0 NO
9.139999 0.01999998 0 0 NO
9.18 0.01999998 0 0 NO
9.219999 0.01999998 0 0 NO
9.26 0.01999998 0 0 NO
9.299999 0.01999998 0 0 NO
9.34 0.01999998 0 0 NO
9.379999 0.01999998 0 0 NO
9.42 0.01999998 0 0 NO
9.459999 0.01999998 0 0 NO
9.5 0.020000458 0 0 NO
9.540001 0.01999998 0 0 NO
9.58 0.01999998 0 0 NO
9.620001 0.01999998 0 0 NO
9.66 0.01999998 0 0 NO
9.700001 0.01999998 0 0 NO
9.74 0.01999998 0 0 NO
9.780001 0.01999998 0 0 NO
9.82 0.01999998 0 0 NO
9.860001 0.01999998 0 0 NO
9.9 0.01999998 0 0 NO
9.940001 0.01999998 0 0 NO
9.98 0.01999998 0 0 NO
